# cluster of 3 about molecule 120 of bulk-water-298.snap; molecules [120, 141, 116]; energies in hartree, PBE-exchange form then revPBE-exchange
# mol 120 -2.34153458 -10.52988022 0.90122817 -1.71374255 -11.94171367 1.88360608 -1.14223360 -9.18571527 1.22880684
# mol 141 -5.92527866 -10.08367133 5.19217153 -4.26807954 -10.29655731 4.44328334 -6.18724482 -11.62262602 6.14893808
# mol 116 2.07446087 -12.38656136 -2.68653384 3.56483603 -11.33817478 -2.50728444 0.87250895 -11.66419497 -1.50928772
pair 0 1 120 141 -1.3787664722e-3 8.1595517601e-4
pair 0 2 120 116 -3.8391792803e-3 -1.9150790467e-3
pair 1 2 141 116 3.3036614411e-4 3.2187269885e-4
field 0 -2.298766080273748e2 -2.3005209177065365e2 12 187
field 1 -7.662407811236505e1 -7.668392119751584e1 9 125
field 2 -7.662413974354077e1 -7.668398290207894e1 8 110
field 3 -7.662412619503385e1 -7.668397061528273e1 9 124
cluster 3 -4.2639764351e-3 -2.1705577613e-4
