# cluster of 3 about molecule 70 of bulk-water-298.snap; molecules [70, 101, 91]; energies in hartree, PBE-exchange form then revPBE-exchange
# mol 70 28.08590307 37.69142269 3.10731531 26.38017241 38.34942907 3.20718227 29.04924163 38.76700977 4.23314891
# mol 101 29.80594330 39.36032025 -1.45323164 28.45432130 38.19022440 -1.05768575 29.84431165 40.50285874 -0.02300659
# mol 91 31.43864481 41.63306259 3.26939382 31.92922773 41.17325801 4.97244139 29.89459879 42.59209115 3.48983918
pair 0 1 70 101 8.0680301608e-4 3.6677466073e-3
pair 0 2 70 91 4.7100038180e-3 7.5813807554e-3
pair 1 2 101 91 -2.5486100206e-3 -2.4747821230e-4
field 0 -2.2986836138667596e2 -2.3004051276406165e2 12 203
field 1 -7.662411077135692e1 -7.668395542555282e1 9 137
field 2 -7.662420146170773e1 -7.66840473375673e1 9 134
field 3 -7.662425321561508e1 -7.668410231744589e1 9 137
cluster 3 4.2040620038e-3 1.1592316504e-2
