# cluster of 3 about molecule 0 of bulk-water-298.snap; molecules [0, 167, 147]; energies in hartree, PBE-exchange form then revPBE-exchange
# mol 0 -0.23830480 -1.67047807 -27.68187754 -1.41806336 -0.33392463 -28.09931919 -0.60452936 -2.98933787 -28.89797723
# mol 167 -0.74999842 -7.07059104 -29.06279911 -2.28694676 -6.62855650 -28.17125094 -0.99038606 -6.38147520 -30.74200820
# mol 147 -5.46200644 -2.62927119 -30.82337867 -5.42433827 -1.13911528 -31.88661869 -5.46846402 -1.96423631 -29.11747805
pair 0 1 0 167 -3.0743268161e-4 1.9803177520e-3
pair 0 2 0 147 -2.6093922515e-3 -1.0588092954e-3
pair 1 2 167 147 -3.5525439467e-3 -2.7807231297e-3
field 0 -2.298787933589059e2 -2.300538988884306e2 12 195
field 1 -7.662413608314603e1 -7.668398113032016e1 9 131
field 2 -7.662434857686657e1 -7.668419737120212e1 9 167
field 3 -7.662441076364233e1 -7.668426132943884e1 9 144
cluster 3 -5.8979352510e-3 -1.4590574695e-3
