# cluster of 3 about molecule 45 of bulk-water-298.snap; molecules [45, 9, 195]; energies in hartree, PBE-exchange form then revPBE-exchange
# mol 45 3.69040029 21.77602846 -8.64290880 2.97533602 21.10109653 -10.18745172 5.47975733 21.92230157 -9.00237455
# mol 9 5.97632281 16.63598419 -10.00677154 7.35843603 16.58273116 -8.80702571 5.25085320 18.30213541 -9.78306636
# mol 195 6.46304412 21.31631529 -13.16055588 8.15547779 21.84167736 -12.69998463 6.69225975 19.65449906 -13.89420229
pair 0 1 45 9 -2.0968834031e-4 2.2188558182e-3
pair 0 2 45 195 -2.0657198043e-3 4.7992105294e-4
pair 1 2 9 195 -5.5358724279e-3 -3.5359737493e-3
field 0 -2.2987959801957956e2 -2.300526341889705e2 12 203
field 1 -7.662421688251882e1 -7.66840643422769e1 9 135
field 2 -7.662411184512624e1 -7.668395723904769e1 9 135
field 3 -7.662404815085812e1 -7.668389003098046e1 9 137
cluster 3 -7.2211410764e-3 -7.2257666547e-4
