# cluster of 3 about molecule 145 of bulk-water-298.snap; molecules [145, 144, 114]; energies in hartree, PBE-exchange form then revPBE-exchange
# mol 145 4.94587797 -5.81677805 6.38009747 3.57111218 -6.75406988 7.14427411 6.36730059 -6.96894141 6.44708526
# mol 144 3.68762145 -3.15820312 11.11715668 4.36699021 -3.56278444 9.46572248 1.92447082 -2.78162603 10.79793954
# mol 114 4.71617372 -11.26578831 5.60557921 3.07826726 -11.81929135 5.00278595 5.61124075 -12.82153875 5.96738804
pair 0 1 145 144 -6.8575201801e-3 -4.3957599126e-3
pair 0 2 145 114 -3.5171315002e-3 -1.5703356802e-3
pair 1 2 144 114 -6.1879388674e-4 -6.0312180732e-4
field 0 -2.298841161688483e2 -2.3005921801933482e2 12 208
field 1 -7.662401824920283e1 -7.668386098861879e1 9 122
field 2 -7.662425427706003e1 -7.668410285441044e1 9 120
field 3 -7.662402440882963e1 -7.668386558174183e1 9 121
cluster 3 -1.1819233756e-2 -7.3885945638e-3
