# cluster of 3 about molecule 210 of bulk-water-298.snap; molecules [210, 29, 48]; energies in hartree, PBE-exchange form then revPBE-exchange
# mol 210 36.65444449 7.27158891 19.87077097 36.74226486 7.07702071 18.05228432 36.74335539 5.55849609 20.51094117
# mol 29 34.46722799 3.37435233 16.21308497 35.35345994 2.00186986 15.38643651 33.25835222 3.94656392 14.96264373
# mol 48 39.34123780 9.42795173 24.80158753 37.81100830 9.59946344 23.81090882 40.68869189 9.50446634 23.56428279
pair 0 1 210 29 -4.4201922646e-3 -2.7785580662e-3
pair 0 2 210 48 -5.6080763628e-3 -4.2035535455e-3
pair 1 2 29 48 -3.8805427967e-4 -3.8298102713e-4
field 0 -2.2988362011386533e2 -2.3006009070573273e2 12 187
field 1 -7.662437767949855e1 -7.668422761965934e1 9 124
field 2 -7.66241651542105e1 -7.668401380349749e1 9 121
field 3 -7.662419942467976e1 -7.668404864490908e1 9 121
cluster 3 -1.0877855477e-2 -7.8006376668e-3
