# cluster of 3 about molecule 20 of bulk-water-298.snap; molecules [20, 59, 18]; energies in hartree, PBE-exchange form then revPBE-exchange
# mol 20 21.88727230 6.65725589 -12.21713146 23.51859484 7.47993237 -12.33735243 21.79979278 6.08410230 -10.48039535
# mol 59 25.94880365 1.84509287 -10.63890568 24.96823171 2.23069666 -12.13632055 27.24057223 3.14213593 -10.60117927
# mol 18 23.96793837 11.51948627 -14.06735002 23.85564600 10.70170347 -15.70169533 22.78361062 12.91137094 -14.17886194
pair 0 1 20 59 -3.4932491003e-3 -2.3626106956e-3
pair 0 2 20 18 -3.8836924619e-3 -2.0603328481e-3
pair 1 2 59 18 -3.6430213224e-4 -3.5787543918e-4
field 0 -2.2988053816958293e2 -2.3005709637827184e2 12 184
field 1 -7.662430608554634e1 -7.66841544602588e1 9 122
field 2 -7.662417456305664e1 -7.668402076618635e1 9 121
field 3 -7.662424620799719e1 -7.668409479119794e1 9 121
cluster 3 -7.8113129828e-3 -4.8263606288e-3
