# cluster of 3 about molecule 95 of bulk-water-298.snap; molecules [95, 209, 159]; energies in hartree, PBE-exchange form then revPBE-exchange
# mol 95 22.81142737 20.51999307 -0.81172310 23.25789823 21.59073077 0.60483874 22.33738377 21.69622635 -2.13239262
# mol 209 19.75276240 21.99585627 -4.77864997 19.47210828 23.72839625 -4.25711246 18.07783894 21.25661120 -4.80227611
# mol 159 20.64982046 18.88850508 3.88904498 18.85947608 19.00230240 3.52273902 21.36057424 18.07668075 2.40979505
pair 0 1 95 209 -2.3847274724e-3 3.0481238504e-4
pair 0 2 95 159 -5.5306006701e-3 -3.2535870391e-3
pair 1 2 209 159 -6.3925475601e-4 -5.8992661337e-4
field 0 -2.2988087635780533e2 -2.3005539352916566e2 12 195
field 1 -7.662437530936703e1 -7.668422527378478e1 9 130
field 2 -7.662394400667054e1 -7.668378443624583e1 8 115
field 3 -7.662419808745595e1 -7.668404556863946e1 9 128
cluster 3 -8.3589543118e-3 -3.3382504956e-3
