# cluster of 3 about molecule 195 of bulk-water-298.snap; molecules [195, 45, 6]; energies in hartree, PBE-exchange form then revPBE-exchange
# mol 195 6.46304412 21.31631529 22.03689721 8.15547779 21.84167736 22.49746846 6.69225975 19.65449906 21.30325080
# mol 45 3.69040029 21.77602846 26.55454429 2.97533602 21.10109653 25.01000137 5.47975733 21.92230157 26.19507854
# mol 6 10.18686025 16.18892047 21.14622331 9.12622925 16.80722252 22.50461477 11.08267830 17.67550757 20.56314628
pair 0 1 195 45 -2.0667785171e-3 4.7886233958e-4
pair 0 2 195 6 -6.4366604965e-4 9.4653607125e-4
pair 1 2 45 6 4.0085762457e-4 4.0683984722e-4
field 0 -2.2987467738181294e2 -2.3005007686695032e2 12 193
field 1 -7.66240409759784e1 -7.668388300451592e1 9 129
field 2 -7.662422176992794e1 -7.668406892436163e1 9 125
field 3 -7.662420896555744e1 -7.668405344802264e1 9 126
cluster 3 -2.2056703492e-3 1.9285099499e-3
