# cluster of 3 about molecule 170 of bulk-water-298.snap; molecules [170, 55, 19]; energies in hartree, PBE-exchange form then revPBE-exchange
# mol 170 23.98618574 14.90624064 1.56994701 25.41416099 13.76704949 1.44507473 22.62417959 14.01311559 0.73348007
# mol 55 21.91557253 15.56581278 -3.05194351 20.40285495 16.39646631 -2.44025479 23.27487894 16.36548786 -2.12177371
# mol 19 20.89420082 10.46905379 -0.32555285 21.14739874 11.21045544 -1.98044780 22.50159294 9.68475277 0.06633044
pair 0 1 170 55 -4.7033119532e-3 -1.3956935461e-3
pair 0 2 170 19 -3.0299003748e-3 -7.3380724453e-4
pair 1 2 55 19 -5.1711956904e-3 -3.5654016815e-3
field 0 -2.2988509810160724e2 -2.3005789120088465e2 12 204
field 1 -7.66240662313608e1 -7.668390891316878e1 9 136
field 2 -7.662404843165373e1 -7.668389246249177e1 9 136
field 3 -7.662429289109927e1 -7.668414060029292e1 9 135
cluster 3 -1.2690547493e-2 -5.9492249312e-3
