2 0.1 9.7469066956e-4 1.1017714910e-3
5 0.1 -1.3158307026e-3 -2.6932625855e-4
8 0.1 -1.6422791740e-3 -1.8138499608e-3
11 0.1 -1.9211494487e-3 -2.0474420339e-3
14 0.1 -3.4286402995e-3 -3.6519176788e-3
17 0.1 -2.6413224431e-3 -2.8212543105e-3
20 0.1 -5.3230451370e-4 -5.3019521225e-4
23 0.1 5.4719531326e-4 5.7198491360e-4
26 0.1 -6.3288260063e-3 -6.3461641407e-3
29 0.1 -3.4818201856e-3 -3.5493828714e-3
32 0.1 -1.9739679586e-3 -1.0999301363e-3
35 0.1 -1.5578287967e-3 -1.6426254009e-3
38 0.1 1.2742270021e-3 1.5891488700e-3
41 0.1 -4.3274399046e-3 -4.7891047348e-3
44 0.1 -2.1039943551e-3 -2.2857758845e-3
47 0.1 -2.5829415212e-3 -2.8220095470e-3
50 0.1 -2.3210212496e-3 -2.4958570932e-3
53 0.1 6.8928202110e-4 7.7395384786e-4
56 0.1 2.7100845275e-3 3.1153032580e-3
59 0.1 -2.0293175698e-3 -2.2420831535e-3
62 0.1 -7.1834542178e-4 -7.7934123896e-4
65 0.1 -2.9725499820e-3 -3.2579613477e-3
68 0.1 -2.2445770877e-3 -2.4763147459e-3
71 0.1 -5.8601535512e-3 -5.8571942662e-3
74 0.1 1.3888238365e-4 3.3424416742e-4
77 0.1 -6.8792919442e-4 -7.8431606990e-4
80 0.1 1.4342863934e-3 1.5807125119e-3
83 0.1 -3.7527860900e-4 -2.9823656950e-4
86 0.1 2.4506505770e-3 3.1800641580e-3
89 0.1 -4.2908249011e-3 -4.6436078223e-3
92 0.1 -5.8427122163e-3 -6.0997824647e-3
95 0.1 1.2473289182e-3 1.3741594273e-3
98 0.1 1.5294204881e-3 1.7234918837e-3
101 0.1 -2.6900985681e-3 -2.9369207371e-3
104 0.1 -1.1485660801e-3 -1.1156396793e-3
107 0.1 -1.1744779206e-3 -1.2720292306e-3
110 0.1 5.9379620109e-3 1.0594600511e-2
113 0.1 -1.7076812431e-3 -1.7849276277e-3
116 0.1 -7.2985375623e-4 -8.1765699719e-4
119 0.1 -3.8109647489e-3 -4.2265992975e-3
122 0.1 -1.3754745897e-3 -1.5341524676e-3
125 0.1 3.4638597530e-4 3.5142958689e-4
128 0.1 -3.5657443502e-3 -3.6058812986e-3
131 0.1 -1.5372222632e-3 -1.3706666293e-3
134 0.1 -1.0124747822e-3 -1.1154101691e-3
137 0.1 9.0288815150e-4 4.3147582868e-3
140 0.1 1.1465812827e-3 2.5407376594e-3
143 0.1 1.1656024499e-3 1.4060969864e-3
146 0.1 -2.2511948495e-3 -6.0085317527e-4
149 0.1 -2.6368038138e-3 -2.8424142758e-3
152 0.1 4.7990499348e-3 1.0801526896e-2
155 0.1 3.5309840144e-3 4.1172685739e-3
158 0.1 -2.5415777696e-3 -2.8212175954e-3
161 0.1 -1.9439761148e-3 -2.0812952143e-3
164 0.1 -4.4743251160e-3 -3.2642526632e-3
167 0.1 2.2602129649e-3 2.4861345576e-3
170 0.1 -5.4085198691e-4 -5.7886004541e-4
173 0.1 5.2008192991e-4 6.0362115869e-4
176 0.1 -2.2923245749e-3 -2.5251972713e-3
179 0.1 6.9417540392e-4 1.0513252903e-3
182 0.1 -5.9482621848e-3 -4.6835568388e-3
185 0.1 1.5385779152e-3 2.1869456292e-3
188 0.1 1.7680324923e-4 1.8231722085e-4
191 0.1 -9.2390847133e-4 -8.1720665610e-4
194 0.1 1.1192879471e-3 1.2387039536e-3
197 0.1 -4.4049092336e-3 -4.4011961990e-3
200 0.1 2.2499745936e-3 3.1765512349e-3
203 0.1 -3.5451373111e-3 -2.0547340487e-3
206 0.1 5.6870889337e-3 9.8005980457e-3
209 0.1 -1.7942507475e-3 -1.9940909845e-3
212 0.1 -1.9971235989e-3 -2.0275542943e-3
215 0.1 -2.4459560999e-3 -2.2840851634e-3
218 0.1 -3.3297223320e-3 -3.3778254137e-3
221 0.1 1.2545837334e-3 1.4266955738e-3
224 0.1 -2.1591319763e-3 -2.4371135955e-3
227 0.1 -2.3270357786e-3 -2.5596478472e-3
230 0.1 1.7572051361e-3 1.9428640824e-3
233 0.1 -8.2957834334e-4 -1.8645732165e-5
236 0.1 -5.0508960542e-3 -5.0278294131e-3
239 0.1 -3.3714610595e-3 -3.6653068856e-3
242 0.1 -2.2970102889e-3 -2.3625417937e-3
245 0.1 -2.4730762503e-3 -2.6819598360e-3
248 0.1 -1.1362209709e-3 -1.2758200868e-3
251 0.1 -9.4945640751e-4 -1.0488539757e-3
254 0.1 2.1725287019e-3 3.3275773869e-3
257 0.1 -5.3470927969e-3 -5.2239110623e-3
260 0.1 -3.2146296126e-3 -3.4715571627e-3
263 0.1 -3.6874455825e-3 -1.9735865778e-3
266 0.1 -2.8232313206e-3 -2.8860475515e-3
269 0.1 -3.9073215983e-3 -3.9748477352e-3
272 0.1 -3.6927314843e-3 -2.0717529824e-3
275 0.1 -1.2979069409e-3 -1.9791287929e-4
278 0.1 -1.6270208126e-3 -1.7574691764e-3
281 0.1 2.3847248176e-4 2.6947633273e-4
284 0.1 -1.1715543604e-3 -1.2896230933e-3
287 0.1 -3.3399153914e-3 -2.5165452182e-3
290 0.1 -2.5566394259e-3 -2.7878099839e-3
293 0.1 -6.1432134303e-4 -6.5654208197e-4
296 0.1 -1.1522057287e-4 1.4114459946e-3
299 0.1 9.9497528119e-4 1.0686320493e-3
