1 6.124016 -1.5572065877e-3
3 5.507466 -3.0217645493e-3
5 5.457879 -7.0918116578e-3
7 7.568838 -9.2817810241e-4
9 6.837763 8.8692027782e-4
11 7.151375 -1.9694454151e-3
13 7.397561 -2.0962710294e-4
15 5.848670 -3.0002240829e-3
17 6.386308 -2.9163323631e-3
19 5.353490 -4.9398441408e-3
21 5.156802 -1.0063053072e-2
23 8.111983 1.0224131566e-3
25 5.550209 -4.9655354979e-3
27 5.346189 -1.2610023883e-2
29 6.068282 -4.9060858694e-3
31 6.058029 3.1528793451e-3
33 6.144123 2.5766735636e-3
35 6.803630 -1.5299946498e-3
37 5.650819 -4.4074778361e-3
39 6.218206 -1.4371062451e-3
41 6.324311 -4.4440478252e-3
43 6.494956 2.7574672413e-3
45 4.610845 -7.8968049658e-3
47 7.054600 -2.6365337884e-3
49 5.207117 -1.0003772397e-2
51 5.312766 -9.1805984389e-3
53 7.099921 1.0211417941e-3
55 4.852304 -7.5956083168e-3
57 7.360029 -1.1727294109e-3
59 7.446290 -1.9455886337e-3
61 7.476893 -2.7515291083e-4
63 7.551024 -1.0425184398e-3
65 6.593744 -2.9577156425e-3
67 6.430545 2.5264937291e-3
69 5.793592 -4.3522976315e-4
71 5.407104 -9.3955663817e-3
73 5.639426 -9.3465683185e-3
75 5.868917 -7.6584068066e-3
77 7.281470 -3.4644320219e-4
79 6.429464 -3.8665590743e-3
81 5.743220 -3.1397348541e-3
83 6.376888 -6.0472001810e-4
85 7.067696 1.2819812570e-3
87 5.399166 -9.9358404554e-3
89 5.818613 -4.4855140294e-3
91 5.808568 -3.6822852490e-3
93 5.372460 -6.6353290776e-3
95 6.357705 2.0014242792e-3
97 5.430785 -9.7519072890e-3
99 6.556387 -1.7440898134e-3
101 6.444995 -2.6222424138e-3
103 4.952135 -8.0297523345e-3
105 7.408556 -1.5916715990e-3
107 7.372579 -1.0996427574e-3
109 5.186275 -9.1358257937e-3
111 7.585541 -1.7925028256e-3
113 6.796450 -1.9032768449e-3
115 6.210889 -6.6198500386e-3
117 7.311083 2.7779944346e-4
119 6.577892 -3.9656024108e-3
121 7.550498 1.4886029300e-3
123 4.898411 -1.2875034077e-2
125 6.825362 9.1013625118e-4
127 5.945455 -5.4154424885e-3
129 6.930675 -1.4571586611e-3
131 6.136301 -2.1440394920e-3
133 5.411642 -7.8874581192e-3
135 6.755645 -4.2236590277e-3
137 4.608745 -1.4940677955e-2
139 6.591910 -1.6726775744e-3
141 6.423385 -3.0425983646e-3
143 6.082928 1.4914635989e-3
145 5.347817 -4.4651827070e-4
147 6.926458 5.4488497502e-4
149 6.523688 -2.7669822660e-3
151 6.268332 -2.9491052661e-3
153 7.078094 2.2616207548e-4
155 6.738055 4.5518361687e-3
157 7.450347 3.6053190740e-4
159 6.586443 -2.2747632735e-3
161 7.306723 -1.9737836714e-3
163 5.029371 -1.2540158898e-2
165 7.507926 -9.5612783308e-4
167 6.498454 3.0569511394e-3
169 5.923335 -3.6175699190e-3
171 7.685254 2.9431791536e-4
173 7.124468 1.0443055348e-3
175 6.347712 -1.1970497528e-4
177 7.844757 -1.4023551285e-3
179 5.843105 3.4738736153e-4
181 7.578702 -9.0145371113e-5
183 7.652006 -1.3917731540e-3
185 5.843194 4.4156284913e-4
187 6.911556 -8.2302803774e-4
189 5.076485 -1.5549614254e-2
191 5.932510 -1.0449312112e-3
193 7.876581 -1.8601989834e-3
195 5.005475 -1.8119336026e-2
197 5.650365 -6.8402405199e-3
199 6.193409 -3.8013528798e-3
201 5.916893 -1.9957230749e-3
203 4.914912 -1.2630152180e-2
205 5.570974 -4.9984166092e-3
207 5.613585 -3.1186460514e-3
209 7.575587 -1.7097009831e-3
211 5.343723 3.3749084293e-3
213 6.520939 -1.7205471694e-3
215 5.824129 -3.7070567017e-3
217 5.884041 -6.3405624236e-3
219 7.911764 -5.2440744268e-4
221 7.181108 1.7139111715e-3
223 7.162435 -1.8298889020e-3
225 6.937518 1.5325769727e-3
227 6.987809 -2.2622048327e-3
229 6.918359 -6.2128460922e-4
231 6.228472 -1.9607701637e-3
233 5.396857 -4.4020871835e-3
235 7.492828 -2.2260066342e-3
237 6.374748 -1.9332775480e-3
239 6.354722 -3.8648772563e-3
241 7.060420 -2.9206637819e-3
243 5.245830 1.6683635802e-3
245 7.194858 -2.5274994221e-3
247 5.804515 1.7753527469e-3
249 6.951467 2.0890426866e-3
251 8.047986 -8.5410434060e-4
253 7.046169 -3.3374377829e-3
