# g(r) of the first atoms, 482 frames, 216 molecules, 0.1 A bins: r_A g
0.050 0.0000
0.150 0.0000
0.250 0.0000
0.350 0.0000
0.450 0.0000
0.550 0.0000
0.650 0.0000
0.750 0.0000
0.850 0.0000
0.950 0.0000
1.050 0.0000
1.150 0.0000
1.250 0.0000
1.350 0.0000
1.450 0.0000
1.550 0.0000
1.650 0.0000
1.750 0.0000
1.850 0.0000
1.950 0.0000
2.050 0.0000
2.150 0.0000
2.250 0.0000
2.350 0.0000
2.450 0.0028
2.550 0.1110
2.650 0.8781
2.750 2.2496
2.850 2.8794
2.950 2.4240
3.050 1.7883
3.150 1.3513
3.250 1.1187
3.350 0.9999
3.450 0.9365
3.550 0.9143
3.650 0.9067
3.750 0.8936
3.850 0.9001
3.950 0.9151
4.050 0.9175
4.150 0.9239
4.250 0.9442
4.350 0.9577
4.450 0.9607
4.550 0.9653
4.650 0.9812
4.750 0.9939
4.850 1.0010
4.950 1.0033
5.050 1.0072
5.150 1.0123
5.250 1.0127
5.350 1.0099
5.450 1.0009
5.550 0.9960
5.650 0.9878
5.750 0.9836
5.850 0.9655
5.950 0.9762
6.050 0.9831
6.150 0.9880
6.250 0.9957
6.350 1.0014
6.450 1.0057
6.550 1.0140
6.650 1.0163
6.750 1.0245
6.850 1.0228
6.950 1.0209
7.050 1.0217
7.150 1.0221
7.250 1.0201
7.350 1.0108
7.450 1.0117
7.550 1.0070
7.650 0.9992
7.750 0.9866
7.850 0.9797
7.950 0.9783
8.050 0.9775
8.150 0.9810
8.250 0.9815
8.350 0.9857
8.450 0.9886
8.550 0.9924
8.650 0.9943
8.750 0.9956
8.850 0.9983
8.950 1.0031
9.050 1.0081
9.150 1.0072
9.250 1.0027
