# g(r) of the first atoms, 482 frames, 216 molecules, 0.1 A bins: r_A g
0.050 0.0000
0.150 0.0000
0.250 0.0000
0.350 0.0000
0.450 0.0000
0.550 0.0000
0.650 0.0000
0.750 0.0000
0.850 0.0000
0.950 0.0000
1.050 0.0000
1.150 0.0000
1.250 0.0000
1.350 0.0000
1.450 0.0000
1.550 0.0000
1.650 0.0000
1.750 0.0000
1.850 0.0000
1.950 0.0000
2.050 0.0000
2.150 0.0000
2.250 0.0000
2.350 0.0017
2.450 0.0588
2.550 0.5155
2.650 1.6373
2.750 2.4810
2.850 2.4236
2.950 1.8987
3.050 1.4177
3.150 1.1541
3.250 1.0370
3.350 0.9783
3.450 0.9563
3.550 0.9430
3.650 0.9430
3.750 0.9257
3.850 0.9224
3.950 0.9177
4.050 0.9266
4.150 0.9336
4.250 0.9607
4.350 0.9734
4.450 0.9948
4.550 1.0164
4.650 1.0270
4.750 1.0460
4.850 1.0531
4.950 1.0458
5.050 1.0434
5.150 1.0207
5.250 1.0012
5.350 0.9799
5.450 0.9578
5.550 0.9410
5.650 0.9353
5.750 0.9357
5.850 0.9482
5.950 0.9642
6.050 0.9793
6.150 0.9934
6.250 0.9994
6.350 1.0099
6.450 1.0169
6.550 1.0242
6.650 1.0267
6.750 1.0314
6.850 1.0341
6.950 1.0307
7.050 1.0263
7.150 1.0272
7.250 1.0188
7.350 1.0196
7.450 1.0102
7.550 1.0029
7.650 0.9914
7.750 0.9795
7.850 0.9767
7.950 0.9672
8.050 0.9725
8.150 0.9776
8.250 0.9825
8.350 0.9911
8.450 0.9952
8.550 0.9958
8.650 1.0041
8.750 0.9994
8.850 1.0005
8.950 1.0046
9.050 1.0072
9.150 1.0055
9.250 1.0087
