# g(r) of the first atoms, 482 frames, 216 molecules, 0.1 A bins: r_A g
0.050 0.0000
0.150 0.0000
0.250 0.0000
0.350 0.0000
0.450 0.0000
0.550 0.0000
0.650 0.0000
0.750 0.0000
0.850 0.0000
0.950 0.0000
1.050 0.0000
1.150 0.0000
1.250 0.0000
1.350 0.0000
1.450 0.0000
1.550 0.0000
1.650 0.0000
1.750 0.0000
1.850 0.0000
1.950 0.0000
2.050 0.0000
2.150 0.0000
2.250 0.0000
2.350 0.0001
2.450 0.0001
2.550 0.0055
2.650 0.0549
2.750 0.3104
2.850 0.9557
2.950 1.8417
3.050 2.4407
3.150 2.5777
3.250 2.3678
3.350 2.0805
3.450 1.7915
3.550 1.5250
3.650 1.3309
3.750 1.1721
3.850 1.0395
3.950 0.9308
4.050 0.8550
4.150 0.7941
4.250 0.7450
4.350 0.7210
4.450 0.7046
4.550 0.6889
4.650 0.6792
4.750 0.6950
4.850 0.7185
4.950 0.7378
5.050 0.7842
5.150 0.8205
5.250 0.8738
5.350 0.9260
5.450 0.9785
5.550 1.0352
5.650 1.0741
5.750 1.1198
5.850 1.1627
5.950 1.1869
6.050 1.2092
6.150 1.2052
6.250 1.1918
6.350 1.1663
6.450 1.1372
6.550 1.0967
6.650 1.0575
6.750 1.0330
6.850 0.9978
6.950 0.9664
7.050 0.9482
7.150 0.9245
7.250 0.9090
7.350 0.9077
7.450 0.9036
7.550 0.9010
7.650 0.9084
7.750 0.9179
7.850 0.9293
7.950 0.9390
8.050 0.9564
8.150 0.9706
8.250 0.9879
8.350 1.0024
8.450 1.0255
8.550 1.0357
8.650 1.0414
8.750 1.0569
8.850 1.0530
8.950 1.0601
9.050 1.0551
9.150 1.0517
9.250 1.0418
