# g(r) of the first atoms, 482 frames, 216 molecules, 0.1 A bins: r_A g
0.050 0.0000
0.150 0.0000
0.250 0.0000
0.350 0.0000
0.450 0.0000
0.550 0.0000
0.650 0.0000
0.750 0.0000
0.850 0.0000
0.950 0.0000
1.050 0.0000
1.150 0.0000
1.250 0.0000
1.350 0.0000
1.450 0.0000
1.550 0.0000
1.650 0.0000
1.750 0.0000
1.850 0.0000
1.950 0.0000
2.050 0.0000
2.150 0.0000
2.250 0.0000
2.350 0.0013
2.450 0.0540
2.550 0.5232
2.650 1.6633
2.750 2.5284
2.850 2.4639
2.950 1.8810
3.050 1.4090
3.150 1.1291
3.250 0.9939
3.350 0.9508
3.450 0.9288
3.550 0.9197
3.650 0.9175
3.750 0.9124
3.850 0.9140
3.950 0.9153
4.050 0.9278
4.150 0.9425
4.250 0.9640
4.350 1.0004
4.450 1.0066
4.550 1.0206
4.650 1.0477
4.750 1.0617
4.850 1.0613
4.950 1.0554
5.050 1.0517
5.150 1.0323
5.250 0.9992
5.350 0.9756
5.450 0.9582
5.550 0.9425
5.650 0.9314
5.750 0.9315
5.850 0.9401
5.950 0.9606
6.050 0.9687
6.150 0.9906
6.250 0.9943
6.350 1.0125
6.450 1.0187
6.550 1.0233
6.650 1.0267
6.750 1.0297
6.850 1.0268
6.950 1.0304
7.050 1.0282
7.150 1.0209
7.250 1.0279
7.350 1.0175
7.450 1.0098
7.550 0.9998
7.650 0.9925
7.750 0.9840
7.850 0.9813
7.950 0.9743
8.050 0.9691
8.150 0.9762
8.250 0.9839
8.350 0.9914
8.450 0.9938
8.550 0.9996
8.650 1.0007
8.750 1.0010
8.850 1.0016
8.950 1.0019
9.050 1.0094
9.150 1.0034
9.250 1.0043
