# g(r) of the first atoms, 482 frames, 216 molecules, 0.1 A bins: r_A g
0.050 0.0000
0.150 0.0000
0.250 0.0000
0.350 0.0000
0.450 0.0000
0.550 0.0000
0.650 0.0000
0.750 0.0000
0.850 0.0000
0.950 0.0000
1.050 0.0000
1.150 0.0000
1.250 0.0000
1.350 0.0000
1.450 0.0000
1.550 0.0000
1.650 0.0000
1.750 0.0000
1.850 0.0000
1.950 0.0000
2.050 0.0000
2.150 0.0000
2.250 0.0000
2.350 0.0001
2.450 0.0016
2.550 0.0231
2.650 0.1780
2.750 0.7145
2.850 1.6434
2.950 2.3909
3.050 2.5543
3.150 2.3324
3.250 1.9765
3.350 1.6760
3.450 1.4187
3.550 1.2524
3.650 1.1013
3.750 1.0101
3.850 0.9271
3.950 0.8737
4.050 0.8305
4.150 0.8016
4.250 0.7881
4.350 0.7757
4.450 0.7730
4.550 0.7772
4.650 0.7872
4.750 0.8042
4.850 0.8251
4.950 0.8548
5.050 0.8810
5.150 0.9235
5.250 0.9514
5.350 0.9897
5.450 1.0358
5.550 1.0489
5.650 1.0924
5.750 1.1115
5.850 1.1243
5.950 1.1314
6.050 1.1229
6.150 1.1074
6.250 1.0834
6.350 1.0703
6.450 1.0477
6.550 1.0184
6.650 1.0035
6.750 0.9899
6.850 0.9755
6.950 0.9667
7.050 0.9594
7.150 0.9543
7.250 0.9613
7.350 0.9564
7.450 0.9605
7.550 0.9609
7.650 0.9642
7.750 0.9705
7.850 0.9780
7.950 0.9792
8.050 0.9857
8.150 0.9924
8.250 0.9998
8.350 1.0054
8.450 1.0127
8.550 1.0173
8.650 1.0254
8.750 1.0205
8.850 1.0223
8.950 1.0240
9.050 1.0197
9.150 1.0200
9.250 1.0134
