# g(r) of the first atoms, 482 frames, 216 molecules, 0.1 A bins: r_A g
0.050 0.0000
0.150 0.0000
0.250 0.0000
0.350 0.0000
0.450 0.0000
0.550 0.0000
0.650 0.0000
0.750 0.0000
0.850 0.0000
0.950 0.0000
1.050 0.0000
1.150 0.0000
1.250 0.0000
1.350 0.0000
1.450 0.0000
1.550 0.0000
1.650 0.0000
1.750 0.0000
1.850 0.0000
1.950 0.0000
2.050 0.0000
2.150 0.0000
2.250 0.0000
2.350 0.0000
2.450 0.0019
2.550 0.0351
2.650 0.2701
2.750 1.0619
2.850 2.3883
2.950 3.3926
3.050 3.5349
3.150 3.0886
3.250 2.5035
3.350 1.9818
3.450 1.5802
3.550 1.2709
3.650 1.0451
3.750 0.8790
3.850 0.7666
3.950 0.6935
4.050 0.6490
4.150 0.6088
4.250 0.6042
4.350 0.6127
4.450 0.6296
4.550 0.6769
4.650 0.7327
4.750 0.7937
4.850 0.8760
4.950 0.9705
5.050 1.0630
5.150 1.1486
5.250 1.2117
5.350 1.2782
5.450 1.3082
5.550 1.3412
5.650 1.3694
5.750 1.3727
5.850 1.3664
5.950 1.3275
6.050 1.2800
6.150 1.2078
6.250 1.1353
6.350 1.0692
6.450 1.0008
6.550 0.9430
6.650 0.8989
6.750 0.8631
6.850 0.8412
6.950 0.8311
7.050 0.8342
7.150 0.8558
7.250 0.8755
7.350 0.9058
7.450 0.9437
7.550 0.9870
7.650 1.0226
7.750 1.0551
7.850 1.0843
7.950 1.1001
8.050 1.1192
8.150 1.1244
8.250 1.1221
8.350 1.1113
8.450 1.1034
8.550 1.0891
8.650 1.0665
8.750 1.0425
8.850 1.0225
8.950 1.0022
9.050 0.9774
9.150 0.9612
9.250 0.9394
