# g(r) of the first atoms, 482 frames, 216 molecules, 0.1 A bins: r_A g
0.050 0.0000
0.150 0.0000
0.250 0.0000
0.350 0.0000
0.450 0.0000
0.550 0.0000
0.650 0.0000
0.750 0.0000
0.850 0.0000
0.950 0.0000
1.050 0.0000
1.150 0.0000
1.250 0.0000
1.350 0.0000
1.450 0.0000
1.550 0.0000
1.650 0.0000
1.750 0.0000
1.850 0.0000
1.950 0.0000
2.050 0.0000
2.150 0.0000
2.250 0.0000
2.350 0.0039
2.450 0.0942
2.550 0.6217
2.650 1.6559
2.750 2.3799
2.850 2.3008
2.950 1.8704
3.050 1.4366
3.150 1.2010
3.250 1.0830
3.350 1.0172
3.450 0.9888
3.550 0.9686
3.650 0.9580
3.750 0.9335
3.850 0.9203
3.950 0.9246
4.050 0.9157
4.150 0.9202
4.250 0.9313
4.350 0.9476
4.450 0.9674
4.550 0.9950
4.650 1.0106
4.750 1.0252
4.850 1.0417
4.950 1.0461
5.050 1.0432
5.150 1.0247
5.250 1.0148
5.350 0.9888
5.450 0.9749
5.550 0.9591
5.650 0.9552
5.750 0.9590
5.850 0.9686
5.950 0.9724
6.050 0.9808
6.150 0.9975
6.250 0.9995
6.350 1.0074
6.450 1.0067
6.550 1.0131
6.650 1.0215
6.750 1.0240
6.850 1.0234
6.950 1.0246
7.050 1.0203
7.150 1.0211
7.250 1.0177
7.350 1.0114
7.450 1.0052
7.550 1.0042
7.650 1.0016
7.750 0.9893
7.850 0.9752
7.950 0.9735
8.050 0.9744
8.150 0.9770
8.250 0.9849
8.350 0.9871
8.450 0.9894
8.550 0.9968
8.650 1.0032
8.750 1.0004
8.850 1.0079
8.950 1.0013
9.050 1.0061
9.150 1.0044
9.250 1.0096
