charges 9.004039645186075e-1 5.432995644462608e-1 -1.9870030934111291e0
pair 0 0 3.9400224122324147e2 2.2336342525466986e0 1.748e1 1.0000000000000237e-300
pair 0 1 5.379182747095726e0 2.0957275619109654e0 6.331e0 1.0000000000000237e-300
pair 0 2 1.0000000000000237e-300 1e0 1.0000000000000237e-300 1.0000000000000237e-300
pair 1 1 1.917610804309831e-1 1.236079606525568e0 2.376e0 1.0000000000000237e-300
pair 1 2 1.0000000000000237e-300 1e0 1.0000000000000237e-300 1.0000000000000237e-300
pair 2 2 1.0000000000000237e-300 1e0 1.0000000000000237e-300 1.0000000000000237e-300
sigma 1.7048742494217248e0 5.20914985071815e-1 1.8537165421628445e0
bisector 2 2.4791660778207333e-1
alpha 0 9.258549087824823e0
alpha 1 7.018341215584967e-1
