charges 6e0 1e0 -1.653213461580134e0 -5.444835628328154e0 -4.509754550458558e-1
pair 0 0 1.0000000000000237e-300 2e0 0e0 1.0000000000000237e-300
pair 0 1 1.0000000000000237e-300 2e0 8.85744910618886e0 1.0000000000000237e-300
pair 0 2 1.0000000000000237e-300 2e0 1.0000000000000237e-300 1.0000000000000237e-300
pair 0 3 1.0000000000000237e-300 2e0 1.0000000000000237e-300 1.0000000000000237e-300
pair 0 4 1.0000000000000237e-300 2e0 1.0000000000000237e-300 1.0000000000000237e-300
pair 1 1 1.0000000000000237e-300 2e0 1.4691665465569628e-133 1.0000000000000237e-300
pair 1 2 1.0000000000000237e-300 2e0 1.0000000000000237e-300 1.0000000000000237e-300
pair 1 3 1.0000000000000237e-300 2e0 1.0000000000000237e-300 1.0000000000000237e-300
pair 1 4 1.0000000000000237e-300 2e0 1.0000000000000237e-300 1.0000000000000237e-300
pair 2 2 1.0000000000000237e-300 2e0 1.0000000000000237e-300 1.0000000000000237e-300
pair 2 3 1.0000000000000237e-300 2e0 1.0000000000000237e-300 1.0000000000000237e-300
pair 2 4 1.0000000000000237e-300 2e0 1.0000000000000237e-300 1.0000000000000237e-300
pair 3 3 1.0000000000000237e-300 2e0 1.0000000000000237e-300 1.0000000000000237e-300
pair 3 4 1.0000000000000237e-300 2e0 1.0000000000000237e-300 1.0000000000000237e-300
pair 4 4 1.0000000000000237e-300 2e0 1.0000000000000237e-300 1.0000000000000237e-300
overlap 2 2 1.6573324190833172e-1
overlap 2 3 1.0403272080995634e0
overlap 2 4 1.291460903969906e-1
overlap 3 3 1.740248284231132e4
overlap 4 4 5.000000000000001e-2
sigma 0e0 0e0 1.9153999705023512e0 7.618280524769002e-1 3.232965429604689e-1
site 3 0e0 0e0 0e0
site 4 1.8309732065727025e0 0e0 0e0
site 4 0e0 1.8309732065727025e0 0e0
bisector 2 3.0305661711597043e-1
alpha 0 9.258549087824823e0
alpha 1 7.018341215584967e-1
