# index separation_bohr E_int_pbe_x E_int_revpbe_x (hartree) | then x y z type for each atom of the first molecule and of the second (bohr)
0 7.333009 -3.4766683491e-3 -3.1383812705e-3 | 0.04002026 -0.11164299 -0.04209889 0 -1.53771974 0.27129913 0.80439665 1 0.90251722 1.50070114 -0.13620208 1 -4.89013291 -5.07951581 -2.06041005 0 -3.19066721 -4.42496256 -2.24972267 1 -5.17491941 -6.04062293 -3.59259143 1
1 6.536135 8.1994460807e-4 1.3237134572e-3 | -0.06465105 -0.07931638 0.07326152 0 -0.43996798 0.42170753 -1.64737067 1 1.46611098 0.83720392 0.48456213 1 0.19041077 -3.18197891 5.60627531 0 0.13236080 -1.80092971 6.80702349 1 -0.95899852 -4.42791572 6.29830838 1
2 7.737387 2.0766273465e-5 1.7544972634e-4 | -0.01469284 -0.11727108 -0.04324015 0 -0.88249441 0.68205718 1.35692328 1 1.11569956 1.17927216 -0.67061459 1 3.27644060 -2.96570289 6.21139532 0 4.74052096 -1.97899168 6.69650622 1 3.54566082 -4.59153970 7.00925821 1
3 5.823864 -2.9171283020e-3 -1.2775580035e-3 | 0.03507558 -0.10133695 -0.06586823 0 -1.20365722 1.16589963 -0.52642809 1 0.64693682 0.44252280 1.57189013 1 -3.85230053 2.25756505 -3.57886763 0 -4.94025183 2.76215670 -2.19531707 1 -4.61306304 3.03075094 -5.05393848 1
4 5.158863 2.9476165246e-3 5.4221987734e-3 | 0.03328764 -0.11867819 0.02540700 0 -0.67786902 1.11972833 1.17129896 1 0.14952684 0.76393477 -1.57455951 1 3.84473991 -1.49311186 3.15652154 0 5.35862166 -1.73635649 2.15579331 1 3.23503257 0.15891082 2.65503568 1
5 9.643793 5.5909077136e-4 5.5043842934e-4 | 0.09119580 0.04526888 0.07397398 0 -1.44151744 -0.81945993 0.57944119 1 -0.00594452 0.10095126 -1.75355803 1 7.69844830 -1.10308796 -5.70104520 0 8.20546197 -1.10398515 -7.46041987 1 5.91778701 -0.67932093 -5.74661845 1
6 10.181129 -2.2724219797e-4 -2.2180636185e-4 | -0.00527422 -0.03994463 -0.11922544 0 0.63752436 1.55705039 0.50437682 1 -0.55381177 -0.92304824 1.38797216 1 -9.69126851 -1.07299563 -2.86463847 0 -10.83451412 0.22078871 -2.25506940 1 -8.86468276 -0.30046463 -4.30420850 1
7 6.928916 -3.7622256374e-3 -3.1605125792e-3 | 0.01966636 -0.00725154 -0.12409168 0 0.90507412 1.03187872 1.09604121 1 -1.21721901 -0.91678210 0.87354492 1 0.51940503 6.85649160 0.88904954 0 0.04418642 6.43079075 -0.82716983 1 -1.03362422 7.45862258 1.64927877 1
8 6.388346 -2.6885219143e-3 -1.7868133578e-3 | 0.08002934 -0.02782627 -0.09305428 0 -0.48892566 1.62772418 0.44351426 1 -0.78130200 -1.18606490 1.03344544 1 -5.93033823 1.46028613 1.63562117 0 -5.90915811 -0.36933706 1.56858943 1 -7.65797476 1.90521017 1.22364463 1
9 10.356096 -1.4158649525e-4 -1.3594826517e-4 | -0.03141524 -0.10934943 0.05379481 0 -0.75312143 1.54464407 0.36348592 1 1.25174481 0.19095263 -1.21731848 1 -7.59961603 -0.74192421 -7.10110844 0 -7.24898262 1.04770328 -6.93754638 1 -8.04932792 -1.26860428 -5.40618150 1
10 4.844462 1.2279408794e-2 1.5176147459e-2 | 0.08295871 -0.09399887 -0.01096180 0 0.41423794 1.65320725 0.42491398 1 -1.73096049 -0.16125490 -0.25092806 1 -1.43374796 -1.99536886 -4.16246333 0 -2.96569140 -2.14430509 -3.17078286 1 -1.76891604 -0.60094439 -5.30073078 1
11 7.658116 -1.0446623182e-3 -8.2741162396e-4 | -0.09216610 0.05055415 0.06919381 0 0.02391150 -1.66082281 -0.57125741 1 1.43895109 0.85842607 -0.52698833 1 1.62378749 4.11553880 -6.13687210 0 2.44609048 4.22917601 -7.76885471 1 2.40543691 5.44229016 -5.14633435 1
12 10.906265 -4.2128053093e-4 -4.1606993949e-4 | -0.01672520 -0.12262011 0.02286202 0 0.92285823 1.08984979 1.02264330 1 -0.65739549 0.85637954 -1.38550984 1 -5.08101500 -3.69869648 -8.82902134 0 -5.89215287 -4.49346190 -10.26528947 1 -3.66782529 -4.79799010 -8.44580023 1
13 6.011729 -6.5138456857e-3 -4.8961858343e-3 | -0.09019822 0.02973141 -0.08257372 0 -0.01137239 -1.43017265 1.01966468 1 1.44300069 0.95827494 0.29094745 1 -6.05880357 -0.10109591 0.62994189 0 -4.32158407 0.36681174 0.28995112 1 -6.18841158 -0.05223288 2.45565386 1
14 14.982437 1.9655938088e-4 1.9279724074e-4 | 0.07492234 0.08056115 -0.06111171 0 -1.74921435 -0.04875753 -0.15202319 1 0.56004520 -1.22991088 1.12198969 1 -13.67177811 -6.33222466 0.75613665 0 -12.64878945 -4.91596715 0.20825734 1 -12.67924626 -7.80390315 0.30730150 1
15 13.813541 -1.5440238472e-4 -1.5249092844e-4 | -0.05215188 0.06440409 -0.09471215 0 1.56903090 -0.78629704 -0.07154156 1 -0.74127508 -0.23592624 1.57481501 1 1.27230603 4.79382719 12.94245972 0 2.04291437 5.50352845 11.44081070 1 -0.35278842 5.63019431 13.05185869 1
16 13.217827 1.3212974325e-4 1.2952274426e-4 | 0.06778672 -0.01026924 -0.10553482 0 -0.14583020 -1.25567998 1.21952472 1 -0.93008229 1.41867361 0.45552651 1 12.20943649 -4.39103399 1.80034733 0 12.62002938 -5.96766470 0.96481638 1 13.83829051 -3.64489645 2.17787003 1
17 13.587621 -3.9213189751e-5 -3.8522466937e-5 | 0.01100840 0.07464628 -0.10072161 0 1.07798387 0.02802094 1.38650813 1 -1.25270949 -1.21280853 0.21214771 1 -1.28789619 13.19323051 -3.13258177 0 0.06709438 12.71061191 -1.99964633 1 -0.52668678 13.12949926 -4.79658555 1
18 12.776370 -3.6464365003e-4 -3.5917393936e-4 | -0.05535595 -0.10937732 0.02846782 0 1.69578535 0.36338598 0.27839159 1 -0.81717432 1.37265338 -0.73023358 1 -6.20738504 -5.30725528 -9.91107344 0 -6.35737236 -7.11505471 -9.66242124 1 -5.19115791 -4.74179389 -8.49687901 1
19 13.939374 5.4976507741e-5 5.3637134641e-5 | 0.02119356 0.06341483 -0.10661842 0 -0.36058084 -1.71692145 0.08603129 1 0.02419621 0.71039972 1.60621886 1 4.59148890 -6.87020691 -11.08924755 0 6.33809461 -7.36735099 -11.32308327 1 4.01607248 -6.44372948 -12.77430629 1
20 9.313798 -4.6895964367e-4 -4.4268257302e-4 | -0.12156461 0.01176300 0.03036073 0 1.18568239 1.29147965 0.10712971 1 0.74379396 -1.47818235 -0.58901591 1 3.67631572 -8.47378126 -0.95340307 0 4.33724114 -9.71240217 -2.12875779 1 2.08725798 -7.95096247 -1.69769203 1
21 7.976009 -1.3320762715e-3 -1.1313905699e-3 | -0.11777518 0.03070321 -0.03200649 0 0.44619948 -1.43614190 0.90754706 1 1.42313097 0.94881974 -0.39953923 1 5.90678681 4.66395156 2.56145564 0 4.96924496 5.37295984 1.15760899 1 5.89938202 5.99102537 3.82289542 1
22 11.923412 -1.5908014441e-4 -1.5754618568e-4 | -0.04211766 -0.11792467 0.01256869 0 0.85546983 0.61032716 -1.40744851 1 -0.18697732 1.26137594 1.20795798 1 -8.13386195 7.27708147 4.70923643 0 -7.06678750 7.15991255 6.19250527 1 -9.72846652 6.55372169 5.24439709 1
23 14.034289 2.7372621432e-4 2.6846056117e-4 | -0.05063908 -0.01126324 0.11466001 0 1.50008381 -0.75934856 -0.50830848 1 -0.69633912 0.93811898 -1.31157801 1 -0.28961449 -4.90607728 -13.26522562 0 1.34071979 -4.75500357 -12.44568322 1 -1.29880998 -3.58021650 -12.50626075 1
24 10.878207 -7.8442012682e-4 -7.7228652498e-4 | 0.02974387 -0.11018564 -0.05303323 0 0.93956588 0.78955022 1.25660877 1 -1.41166122 0.95931886 -0.41486407 1 -7.76965186 7.00199378 2.49603955 0 -9.28292289 7.41806796 1.55298284 1 -7.75522670 8.20490766 3.87632943 1
25 11.316460 -2.6169781523e-4 -2.5945270224e-4 | 0.08127216 0.03494212 0.08950967 0 0.12240752 -1.48031821 -0.93750391 1 -1.41236111 0.92571608 -0.48319571 1 8.55731797 1.52518630 -7.10956121 0 9.26079517 2.39556596 -5.66041596 1 9.91635254 1.52400949 -8.33652237 1
26 8.275150 -3.1258439034e-4 -2.5149447347e-4 | -0.02538646 -0.08362324 0.09055814 0 -1.07998014 0.39221874 -1.32855054 1 1.48291469 0.93505129 -0.10879049 1 -4.60719402 -2.02744626 6.50865359 0 -5.63501685 -3.39623719 7.15861859 1 -2.88611345 -2.58112149 6.79802435 1
27 14.646713 6.3033876671e-5 6.1806184746e-5 | -0.07940715 0.03329462 -0.09178273 0 1.65467097 -0.53136671 -0.25485801 1 -0.39431879 0.00291369 1.71163561 1 -3.18067878 1.54472627 14.18389759 0 -1.59753561 2.02007430 13.39639215 1 -2.73448172 1.21934231 15.92959043 1
28 6.268006 -5.1404896712e-3 -4.0280489443e-3 | -0.09579202 0.07410740 -0.03420640 0 -0.15636306 -1.43877555 0.99534652 1 1.67677636 0.26254119 -0.45242173 1 4.56384862 4.21751555 -0.55875169 0 5.06569959 5.53886162 0.60514395 1 3.00036210 4.83081086 -1.28799020 1
29 6.914585 -1.6607863097e-3 -9.9946472994e-4 | -0.02974489 -0.04025154 0.11546926 0 0.36741706 -1.04946869 -1.35972768 1 0.10469454 1.68834217 -0.47300321 1 -5.84321227 3.90019219 0.38667625 0 -6.02245195 2.14566118 0.87856747 1 -4.03389635 4.14691430 0.25283245 1
30 10.216677 -5.7405680607e-4 -5.6341432889e-4 | -0.05518237 -0.04523475 0.10366687 0 1.42752795 1.02340942 -0.00602663 1 -0.55167212 -0.30544244 -1.63937642 1 8.35546010 3.87749491 -4.22788526 0 7.92637356 5.25794822 -3.10418766 1 9.50820308 4.62486702 -5.43826891 1
31 6.790659 -6.3525926052e-4 -2.9676421178e-6 | -0.01201233 0.02777934 0.12215608 0 -0.19838945 -1.60593921 -0.68325695 1 0.38904940 1.16502495 -1.25560730 1 -5.69942254 3.72331995 0.12589738 0 -5.81398225 5.54159054 -0.05639641 1 -4.32124284 3.24651816 -0.98121182 1
32 13.703723 1.1193599124e-4 1.0955875719e-4 | 0.06701546 0.09544144 0.04730704 0 -0.52685302 -1.40192474 0.91775384 1 -0.53681796 -0.11292406 -1.66861227 1 -6.60348718 12.06192245 -0.33655568 0 -8.17986844 11.40683751 0.32552342 1 -6.22896903 10.97601039 -1.76236814 1
33 5.321446 -2.6567965754e-3 -4.6176116089e-4 | -0.10506161 0.06923934 -0.00246326 0 0.70485432 -0.79556316 -1.39839152 1 0.96268611 -0.30340524 1.43748843 1 -0.71098901 3.69561934 3.82205017 0 -2.21988650 4.46662126 3.12833028 1 0.52636930 3.84266697 2.48050947 1
34 7.028376 4.2906354754e-4 7.2615941308e-4 | 0.09297784 0.03019198 0.07925693 0 0.22889555 -0.77817913 -1.55797409 1 -1.70464209 0.29897137 0.30000618 1 -1.29763612 6.25956986 2.62895663 0 -3.01395727 6.66036433 2.13290380 1 -0.69425744 7.78845264 3.43571659 1
35 6.180697 -5.7539865093e-3 -4.4065838094e-3 | 0.06562641 0.05799921 -0.09037346 0 -0.47152598 0.73848530 1.52234750 1 -0.57009790 -1.65905021 -0.08793781 1 -1.22221087 2.33005403 -5.67043350 0 -0.37049038 1.34127298 -4.38616440 1 -0.32559685 3.92644136 -5.67682344 1
36 13.369647 -2.4537704630e-4 -2.4161394009e-4 | 0.02141770 0.12381635 -0.00699206 0 -1.42377753 -0.80503078 -0.64032974 1 1.08383523 -1.16018531 0.75130785 1 2.85612064 -11.66701309 5.70320462 0 4.59988074 -11.24395879 5.33880281 1 2.76533069 -13.47494874 5.42836666 1
37 7.526939 -4.1777761993e-5 1.2250850932e-4 | 0.09607527 -0.07125008 -0.03912882 0 -0.00505966 0.94372734 1.48141564 1 -1.51984937 0.18715556 -0.86036210 1 5.45232536 -2.06660014 -4.66464149 0 6.79719501 -1.36243082 -5.68832799 1 6.23169703 -2.35106966 -3.03244453 1
38 10.509569 -4.1669180027e-4 -4.0950231097e-4 | -0.10961155 -0.04629937 -0.04098503 0 1.49598164 -0.01212888 -0.92039721 1 0.24377549 0.74699354 1.57091261 1 -6.89560825 -5.62076464 5.80335818 0 -5.32745720 -4.70552067 6.03935321 1 -7.78000376 -4.67156163 4.51135652 1
39 6.886108 -4.7248673131e-4 3.3973070884e-5 | 0.05280129 0.03041909 -0.11011267 0 -0.32161299 -1.64228228 0.53358521 1 -0.51645027 1.15946982 1.21412566 1 6.65341022 0.24592634 -1.97892867 0 6.41217731 -1.56526977 -1.86129272 1 6.34947316 0.85129605 -0.27788199 1
40 8.207124 -9.9855149713e-5 4.5000684096e-5 | -0.12498927 0.00347506 0.01427244 0 0.82353557 -0.28878102 -1.52434703 1 1.16029708 0.23362473 1.29781449 1 4.87831538 5.02841135 -4.30636246 0 3.94755028 5.96899018 -5.57184682 1 4.60553162 3.27523325 -4.75843064 1
41 9.482157 -3.2051269010e-4 -2.9181666059e-4 | -0.01423509 0.12306438 0.02214985 0 -1.32262439 -1.13911609 -0.19575098 1 1.54856407 -0.81416472 -0.15581204 1 -0.04917818 -3.48922922 8.87968923 0 0.14787237 -3.07240104 7.10771625 1 1.24936157 -4.74117893 9.19405602 1
42 9.074113 -1.3124809821e-3 -1.2447788592e-3 | 0.05429402 0.10853356 0.03332748 0 0.61008306 -1.08192412 -1.24196540 1 -1.47183903 -0.64072319 0.71299083 1 7.34484905 -4.71039899 2.73933045 0 5.71944177 -3.87035291 2.66978435 1 8.46688952 -3.45897059 3.46552753 1
43 10.614473 -2.5337840071e-5 -2.5285664492e-5 | 0.08008701 -0.08079320 -0.05382032 0 -1.22223575 -0.44271501 1.18126304 1 -0.04890712 1.72506655 -0.32702563 1 9.79919979 0.82677066 4.14002854 0 9.43155221 1.69007174 5.71229105 1 8.79012915 1.71178824 2.89466500 1
44 4.886347 1.0068062821e-2 1.2509099818e-2 | -0.04883384 -0.00546939 -0.11585956 0 -0.93736385 -0.07561959 1.48353291 1 1.71245577 0.16242992 0.35539278 1 -3.54975122 2.42580085 -2.06410493 0 -5.05910419 2.19958032 -1.05260073 1 -3.99683100 3.74795640 -3.24919329 1
45 11.402009 -4.1868865539e-4 -4.1356048067e-4 | -0.06114532 -0.01932472 0.10828620 0 0.08711611 -1.15764292 -1.31814750 1 0.88338389 1.46436537 -0.40057361 1 -5.79265318 1.22156227 -9.78189654 0 -5.85617711 2.82858739 -8.90674062 1 -7.16453993 0.25585015 -9.04859108 1
46 7.944146 -8.5671683411e-4 -7.4093653681e-4 | 0.08776519 -0.06640287 -0.06104119 0 0.22737485 0.74711621 1.57332680 1 -1.62038605 0.30683167 -0.60447963 1 7.81247555 1.06936319 -0.69305049 0 7.41550411 -0.25454314 -1.89394540 1 8.99196483 0.28499043 0.46711090 1
47 10.861715 1.3971620946e-4 1.3557401176e-4 | 0.06512808 -0.08025043 -0.07180737 0 0.47038046 0.50182334 1.61621618 1 -1.50409483 0.77191338 -0.47648790 1 6.90114841 4.72235805 6.97776852 0 7.36002171 3.07708439 7.63729317 1 5.20998116 5.00785971 7.61874603 1
48 8.180870 -1.0026434646e-3 -8.7753098479e-4 | -0.11788100 -0.01437690 -0.04165897 0 0.45614990 0.09530515 1.69354167 1 1.41486021 0.13288535 -1.03232956 1 -5.73397632 -5.41994113 -2.32843555 0 -3.93798327 -5.44228428 -1.97294627 1 -6.50515560 -6.03568263 -0.78617910 1
49 7.253083 -2.3028874178e-3 -1.8272850464e-3 | 0.05652030 0.06470755 0.09195914 0 -0.52581194 0.68837760 -1.52803707 1 -0.37127969 -1.71541743 0.06845939 1 -4.35496284 -4.31211819 -3.85475025 0 -5.82543337 -3.33324098 -4.33639192 1 -3.09586561 -3.88003375 -5.11188479 1
50 7.211886 9.9031556901e-4 1.6693752138e-3 | -0.08746573 0.08350102 -0.03486290 0 1.64581553 -0.03705221 -0.61250109 1 -0.25755733 -1.28827795 1.16584579 1 3.91280896 -5.21442614 3.30522954 0 3.30847290 -3.76154434 2.36908036 1 2.38908456 -6.00162982 3.94631015 1
51 5.741631 -1.3196818434e-3 9.3936642557e-5 | -0.09644854 0.07888667 0.01768242 0 0.16854482 -1.07888033 -1.37580852 1 1.36228875 -0.17321078 1.09515280 1 3.12098490 4.49364642 1.46616594 0 4.95057602 4.52232001 1.40107326 1 2.60697776 5.71099063 0.19877500 1
52 7.309570 -2.8035636146e-3 -2.4067143560e-3 | -0.02075382 0.12206245 -0.02254179 0 1.47909831 -0.85399506 -0.41012172 1 -1.14969316 -1.08338311 0.76790555 1 1.61257141 -6.97344184 0.95428978 0 1.89129632 -8.10376951 2.36748993 1 3.20960586 -6.97108908 0.05880920 1
53 9.152092 2.6709967484e-4 2.9877929785e-4 | 0.11882097 0.03469432 -0.02271513 0 -0.55136553 -0.76397420 1.48242324 1 -1.33456371 0.21330507 -1.12188809 1 -4.69124806 5.07783816 -6.11463262 0 -4.52503614 3.33744071 -5.57070872 1 -3.14781098 5.40811417 -7.04260341 1
54 8.696966 -1.1837194748e-3 -1.1404972850e-3 | 0.06359453 -0.01562351 0.10746971 0 -1.38737663 -0.96025731 -0.48819175 1 0.37800276 1.20823403 -1.21757000 1 -1.50321189 -7.31747360 4.40952646 0 -1.32697933 -9.08154395 3.95185764 1 0.21222009 -6.67744467 4.40139462 1
55 6.107759 -2.8938124596e-3 -1.3228761293e-3 | -0.09016791 0.04632652 0.07457679 0 -0.22933006 -0.45240242 -1.68165959 1 1.66047722 -0.28289326 0.49797497 1 -0.43063553 0.86824964 -6.02017222 0 -0.61685537 2.15680244 -7.30757921 1 -1.19933625 1.60610417 -4.53118602 1
56 6.825362 5.9721554553e-4 1.3469155642e-3 | -0.10894815 0.06227063 0.00952702 0 0.35899363 -1.20235439 -1.22910808 1 1.37023407 0.21399345 1.07789501 1 6.17595214 -1.31377191 -2.79936440 0 5.67961698 -1.72835145 -1.08640261 1 5.03553238 -2.29091536 -3.84676284 1
57 9.409721 4.1322781512e-4 4.0550396574e-4 | 0.12432754 0.01903907 0.00427464 0 -0.93406853 -0.17046893 -1.47773324 1 -1.03926114 -0.13171968 1.40988597 1 6.63459443 3.10423642 -5.71090405 0 7.83072089 2.50879203 -6.96277878 1 7.12354001 4.84346768 -5.41355430 1
58 14.832292 -1.1869796948e-4 -1.1684952608e-4 | -0.06171954 -0.10397176 -0.03490942 0 1.74859727 0.14171032 0.08697687 1 -0.76898331 1.50853194 0.46710631 1 6.16877406 -11.30602476 -7.46318441 0 7.14598000 -10.45074682 -8.75393268 1 4.57671204 -10.40226703 -7.43203119 1
59 13.492088 1.4374795286e-4 1.4127530562e-4 | -0.02567969 -0.10015670 0.07174459 0 0.70926574 -0.07665253 -1.60508744 1 -0.30167702 1.66634199 0.46635567 1 -9.85822411 -2.19700415 -8.80668459 0 -11.23550913 -3.07721654 -9.63177549 1 -8.63806252 -1.91845780 -10.14310806 1
60 10.368901 -1.2920386659e-4 -1.3022536596e-4 | 0.08785291 0.07283290 -0.05305968 0 -1.29975640 -0.79480634 -0.87415982 1 -0.09464714 -0.36119924 1.71632435 1 3.43669623 -2.27177564 -9.54309878 0 3.18206620 -2.83331530 -7.81906293 1 2.91619681 -3.70068115 -10.56276511 1
61 6.844602 -8.5277437165e-4 -2.9500691063e-4 | 0.11182728 -0.05213033 0.02480290 0 -1.45828505 -0.26922447 0.94136183 1 -0.31664026 1.09663826 -1.33503398 1 -2.98028255 -2.38091829 -5.62358731 0 -1.62844481 -1.59786100 -6.57847939 1 -4.50297456 -1.60608788 -6.28196175 1
62 9.493941 -9.8188781664e-5 -9.2713056830e-5 | -0.09618935 -0.00660180 0.08088337 0 0.13296436 -0.94724426 -1.47318973 1 1.39375537 1.05202817 0.18940688 1 1.49038833 -4.21401967 8.37150902 0 2.79526755 -4.58610339 9.60086120 1 2.41466744 -3.70887688 6.87386122 1
63 9.600267 9.5456949211e-5 1.0005957851e-4 | -0.00774990 -0.12523246 -0.00973986 0 -0.69210149 1.13573753 -1.14731643 1 0.81510805 0.85195514 1.30190766 1 -9.31164637 -0.61893009 -1.78707362 0 -10.57238425 -1.81768887 -1.21612680 1 -10.04976432 1.01684393 -1.42398232 1
64 14.846781 -3.7515475185e-5 -3.6929472188e-5 | 0.01802156 -0.12064442 -0.03095550 0 -1.30196465 0.58465163 1.02386997 1 1.01592599 1.33021951 -0.53254361 1 4.83539546 -10.05804388 -9.75604736 0 5.43113047 -10.01067849 -8.02534831 1 4.65078917 -11.84310889 -10.11919119 1
65 9.152825 -5.9855929021e-4 -5.5552221045e-4 | 0.07664376 -0.02417220 -0.09684799 0 -1.71332668 -0.38510071 0.03805679 1 0.49683503 0.76876248 1.49911689 1 3.65717071 -8.27290493 1.57673368 0 2.19024850 -8.36024501 0.48450027 1 5.06305579 -8.05317607 0.42451129 1
66 8.080167 3.2587510245e-4 5.5185044293e-4 | -0.09831939 0.01823817 0.07641180 0 0.23993551 0.82355793 -1.53278259 1 1.32059215 -1.11303465 0.31997269 1 5.51927121 2.67698871 -5.43400367 0 6.21032639 2.15456678 -3.82093797 1 3.77965180 3.10800585 -5.05935904 1
67 5.779225 -2.7877437961e-3 -1.0734556425e-3 | 0.11242241 0.05556933 0.01055213 0 -0.71131565 -0.53531829 -1.51416762 1 -1.07305547 -0.34667952 1.34668390 1 -0.02274410 -4.12223769 4.09221015 0 1.33514929 -2.89399241 4.09360912 1 -1.25833062 -3.42762561 5.25119680 1
68 12.236615 -3.2345186615e-4 -3.1953671768e-4 | 0.05468853 0.11219996 -0.01607575 0 -1.09304192 -0.75237576 -1.15083851 1 0.22502431 -1.02846469 1.40599313 1 8.31067205 -7.09561192 -5.46592005 0 8.51135852 -5.43694479 -4.71691326 1 9.94596523 -7.88914467 -5.24562020 1
69 12.315523 -1.1030724198e-4 -1.0984512978e-4 | 0.05925476 0.10790792 -0.02613141 0 -0.14604517 -1.35342583 -1.11002186 1 -0.79444772 -0.35929124 1.52478027 1 3.86675919 -1.35399258 11.58568960 0 2.69262012 -1.79844651 12.91847653 1 3.64413457 0.45100732 11.37397355 1
70 8.586548 5.9498593103e-4 7.1413601354e-4 | 0.06597321 0.00515869 0.10704681 0 -0.42375670 1.39456849 -0.98022864 1 -0.62337165 -1.47644729 -0.71882088 1 -4.03363508 1.25062352 -7.56232393 0 -3.06658775 1.32024881 -6.00912250 1 -5.69378507 1.85828332 -7.08581411 1
71 8.632405 1.6083558539e-4 1.9769349286e-4 | -0.02205108 0.10277520 0.06920335 0 -0.61335420 -1.60377189 0.37006965 1 0.96334950 -0.02747857 -1.46846686 1 -7.72934201 -3.36645869 1.40579787 0 -6.96297193 -4.99815154 1.08530102 1 -9.49343723 -3.60666779 0.97838980 1
72 11.898911 -6.6746178589e-5 -6.7441452003e-5 | -0.09144459 0.00124048 0.08645487 0 1.62750943 -0.60013943 0.27619726 1 -0.17609870 0.58045052 -1.64841096 1 5.82438272 -9.55374854 -3.83100922 0 6.41624520 -9.84515993 -5.53900251 1 7.35392689 -9.25392235 -2.87027568 1
73 14.543786 -1.6990730174e-4 -1.6702063687e-4 | 0.04513477 -0.05220405 -0.10524108 0 -0.15942441 1.72849737 0.26855145 1 -0.55695574 -0.89991341 1.40183752 1 -10.63311141 -9.14260010 3.49050193 0 -10.36663055 -10.90128207 3.05634921 1 -12.30684025 -8.76977146 2.84859804 1
74 14.300818 1.3111199537e-4 1.2826524579e-4 | 0.08191245 -0.07486839 0.05935630 0 0.33015303 1.65562806 -0.48490608 1 -1.63026942 -0.46731514 -0.45719847 1 11.19396981 5.64829942 6.62457554 0 10.65029769 6.78021530 7.95711071 1 13.01990108 5.78329771 6.63724449 1
75 12.146316 -3.7164961907e-4 -3.6686310098e-4 | 0.05586744 0.11058538 -0.02208615 0 0.83281653 -1.54532558 0.06020525 1 -1.71954587 -0.20988826 0.29034668 1 2.77050412 -8.04664702 -8.62416862 0 4.22149735 -9.03886702 -9.13659521 1 3.28605168 -6.31377458 -8.91360574 1
76 8.217916 5.1596149333e-5 1.4844872639e-4 | -0.11446093 0.02772776 -0.04436174 0 0.32744429 -0.58250672 1.62440923 1 1.48928226 0.14241105 -0.92029870 1 -1.50139316 8.04894525 0.27145423 0 -0.20050788 9.25785637 0.71720558 1 -2.04587480 7.36142782 1.87870951 1
77 13.488284 -2.5907578822e-4 -2.5540052700e-4 | -0.04976751 0.10752815 -0.04241447 0 1.71240405 -0.26179644 0.29047237 1 -0.92249302 -1.44489299 0.38273114 1 -0.72890452 0.94179999 -13.53464720 0 1.06202222 0.73387197 -13.21557002 1 -1.33517824 1.89212209 -12.09182701 1
78 9.230438 8.0251987029e-5 1.2048393195e-4 | -0.10847207 -0.06344633 0.00681680 0 0.18152454 1.70947719 0.36052152 1 1.54014675 -0.70245550 -0.46871797 1 5.48073973 -0.86923151 -7.53293175 0 3.68833561 -1.19789068 -7.35479276 1 5.99874914 -0.29127790 -5.87460551 1
79 9.471287 -3.8734635774e-4 -3.7402996708e-4 | 0.05186150 -0.11465923 -0.00131993 0 -0.86511338 0.72045060 -1.34824662 1 0.04196645 1.09942341 1.36919657 1 -2.78785252 -4.08127358 7.98681287 0 -1.88341648 -4.87918385 9.36441860 1 -3.65139302 -5.46496705 7.15488726 1
80 13.087451 -1.8487024185e-4 -1.8293985407e-4 | 0.08201333 -0.00995523 0.09493578 0 0.16396530 -0.80897653 -1.55045527 1 -1.46568285 0.96698618 0.04363227 1 4.71958870 -9.29784013 -7.81836957 0 3.67839478 -9.99618476 -9.15279562 1 4.62500825 -10.54083700 -6.47731649 1
81 9.600003 -7.3764904542e-5 -5.0422190455e-5 | -0.06166725 -0.01702116 0.10837678 0 -0.76416168 0.38337810 -1.53437849 1 1.74294567 -0.11321791 -0.18578039 1 -0.59680455 6.70016125 -6.94101495 0 -0.71768957 8.21052721 -5.91308288 1 0.53330550 5.60708842 -6.00269033 1
82 8.151381 6.4721395441e-4 7.0520059266e-4 | -0.09618127 0.05312262 -0.06136160 0 0.64628148 -1.59610606 -0.34641723 1 0.88030997 0.75294256 1.32035000 1 0.84832589 -3.78680917 -7.11673609 0 0.47805339 -5.26664664 -8.12937729 1 1.96272953 -4.40810589 -5.80353201 1
83 5.918482 -4.5210887544e-3 -3.2219489580e-3 | 0.05648947 0.01979882 -0.11070250 0 -1.20339205 -1.24409909 0.29883812 1 0.30678988 0.92985173 1.45823455 1 -2.35649340 -2.09669796 -5.01002283 0 -2.10861205 -0.33753561 -4.56689130 1 -4.15262584 -2.22828883 -5.34017755 1
84 14.874496 -2.1579313479e-4 -2.1204240872e-4 | -0.02975893 -0.08598604 0.08694196 0 -1.13163295 0.68494346 -1.15563771 1 1.60396733 0.67982895 -0.22430711 1 -3.82314016 -14.12736959 3.20000797 0 -4.53584833 -13.27790657 1.74298274 1 -3.73083312 -12.82210664 4.48070234 1
85 8.308449 -1.7757325183e-3 -1.6681784389e-3 | 0.08000394 -0.01020906 0.09660870 0 -0.92462144 1.44352835 -0.38280582 1 -0.34520305 -1.28148993 -1.15056971 1 -5.64109323 -5.98577504 0.02728629 0 -7.33590550 -6.63930410 -0.20287453 1 -5.40131746 -5.98752114 1.84247625 1
86 7.197351 -2.7888510914e-3 -2.2789727808e-3 | -0.00178772 0.11160574 -0.05812967 0 -1.43054854 -0.90699320 0.46490149 1 1.45892329 -0.86441582 0.45773395 1 2.74417493 4.75686506 4.81204717 0 1.99941782 3.09754053 4.60123489 1 1.71879193 5.84708420 3.75733301 1
87 10.837600 -1.7987273473e-4 -1.7779642346e-4 | 0.10839915 -0.03950418 -0.05027067 0 -0.21924149 1.53857519 0.81851007 1 -1.50127238 -0.91156383 -0.02061285 1 -9.52346366 -3.19243998 4.00034441 0 -7.94029421 -2.83828062 4.84923106 1 -10.60739482 -3.84418333 5.32425298 1
88 7.361185 -5.1574333142e-4 -2.2746634086e-4 | -0.05815480 -0.02704685 0.10828011 0 -0.81568528 0.48891031 -1.47677467 1 1.73871968 -0.05962199 -0.24184984 1 1.63747215 -4.03677585 6.00021590 0 2.19256083 -3.80197804 4.27128287 1 2.72710859 -2.93515819 6.97568553 1
89 12.825876 -2.4607650262e-4 -2.4247881694e-4 | 0.03099414 -0.11928071 0.02548670 0 -0.94666023 1.03391135 1.05834820 1 0.45472052 0.85931490 -1.46287368 1 9.77233211 -4.97260985 6.70944972 0 9.32520119 -6.50750514 7.60199286 1 9.16435761 -5.25050306 5.00488162 1
90 12.517284 8.5745757204e-5 8.2767868804e-5 | 0.10586246 0.01570477 -0.06621628 0 -0.30005389 0.69742702 1.58391995 1 -1.38019760 -0.94669353 -0.53293359 1 -10.04498124 4.29529914 6.22083593 0 -11.53797278 3.90822419 5.23411808 1 -8.74427115 4.59773941 4.96820143 1
91 12.172432 -3.5588948388e-4 -3.5120573006e-4 | -0.07267624 -0.04069540 -0.09434058 0 0.39675766 -0.93778842 1.43121467 1 0.75676140 1.58370677 0.06616119 1 2.11333194 7.71081001 -9.18666394 0 3.58300879 7.14049973 -10.11793139 1 0.82554800 6.46833405 -9.57431847 1
92 12.621337 4.0459608643e-4 3.9597903084e-4 | -0.11504443 -0.00526713 -0.05074577 0 0.68201104 1.41628089 0.78374011 1 1.14397685 -1.33268092 0.02169795 1 9.32012921 -8.58965892 0.38097775 0 10.18851499 -8.66978310 1.99093090 1 8.04216455 -7.30104116 0.62321858 1
93 13.309688 -1.9367233524e-4 -1.9122747906e-4 | -0.04788879 0.09489914 0.06737145 0 -0.08520464 -1.69331857 0.45896796 1 0.84529660 0.18707710 -1.52828926 1 -10.04528971 -8.59434499 0.49821197 0 -11.07478727 -7.25231285 -0.20289245 1 -10.79852141 -10.12852950 -0.15854517 1
94 11.794429 1.2333595888e-4 1.1996556755e-4 | 0.06058807 -0.03857091 -0.10334150 0 -0.06979178 1.66544837 0.55375990 1 -0.89186351 -1.05324989 1.08647890 1 -6.24038146 5.14749539 -8.51054723 0 -6.79035466 6.83127607 -8.04700113 1 -4.85940200 5.43138124 -9.67875723 1
95 9.800667 4.5692429195e-4 4.5442215178e-4 | 0.12026749 0.00467768 -0.03676882 0 -1.24216539 1.13681074 -0.49992566 1 -0.66672306 -1.21105500 1.08352130 1 3.09801117 8.30914103 3.98612100 0 2.05939908 8.47661460 5.48468712 1 2.90950408 9.91490174 3.12681450 1
96 13.120230 1.3513189241e-4 1.3240046314e-4 | -0.11790216 -0.04259667 -0.01107705 0 1.00020929 0.53143317 -1.34253468 1 0.87113654 0.14466224 1.51834983 1 -9.26660189 -5.92164898 7.15642370 0 -7.46449700 -5.66357629 7.35207473 1 -9.94619971 -5.63573884 8.83237485 1
97 9.444279 -7.3349270764e-5 -6.2344686796e-5 | -0.03628959 -0.04774313 -0.11064247 0 -0.66521092 1.45416878 0.72672333 1 1.24120011 -0.69638874 1.02939656 1 3.09211539 -5.46501543 -7.07327520 0 1.52779213 -5.51097894 -8.02366616 1 2.79784627 -6.60122563 -5.66798444 1
98 5.981002 -4.3435476130e-3 -3.0539423192e-3 | 0.02727916 0.10105753 0.06986643 0 -1.61847352 -0.45555092 -0.50818895 1 1.18549807 -1.14843666 -0.60073273 1 1.35437297 -5.51891219 1.48681156 0 0.01793396 -5.71242701 2.72331699 1 2.22676122 -7.12847857 1.51220517 1
99 6.616831 -1.5143444052e-3 -6.8539270505e-4 | -0.05125658 0.11360477 0.01745896 0 1.28113476 -0.35179954 -1.14898651 1 -0.46758918 -1.45133810 0.87187747 1 -6.54321201 -0.18255446 1.55230559 0 -5.90843805 1.25732233 2.48840373 1 -5.03977281 -1.12930192 1.10986934 1
100 11.393299 1.4599972724e-4 1.4125146230e-4 | -0.12277179 -0.02205433 0.01669702 0 1.29191992 -0.95108124 0.71528077 1 0.65671681 1.30112814 -0.98029630 1 7.03356010 -8.69731518 -2.07075067 0 8.57448793 -8.35053180 -2.99689622 1 7.38302678 -8.09809335 -0.37628430 1
101 14.047664 4.9548127222e-5 4.7895410844e-5 | 0.07619893 0.00014573 0.10015886 0 -0.59828289 1.44370936 -0.80187285 1 -0.61114831 -1.44602239 -0.78785103 1 -5.43150720 5.92775700 11.53966243 0 -6.99025880 6.81839716 11.89954637 1 -5.64708028 5.31863779 9.82650392 1
102 4.668089 6.2132953742e-3 9.3432855379e-3 | -0.01248767 -0.00112172 0.12522338 0 -0.58288087 -1.26244417 -1.07318396 1 0.78108545 1.28024811 -0.91436457 1 -3.70630425 -1.79517706 2.01276076 0 -2.65105699 -2.38059261 3.38978826 1 -5.02852086 -3.05598904 1.89231807 1
103 8.281736 6.4857100769e-4 7.0070187820e-4 | 0.06564946 -0.02211758 0.10506692 0 -0.50305452 1.59154666 -0.54695025 1 -0.53893523 -1.24049588 -1.12067437 1 0.51652552 -5.53187792 6.08495703 0 0.42261415 -6.72075782 4.69563774 1 2.10668360 -5.92258371 6.90419832 1
104 6.456803 -3.5963513927e-3 -2.5280268646e-3 | 0.00815529 -0.09879025 0.07753756 0 -1.44021483 0.98128222 -0.21932996 1 1.31077386 0.58671896 -1.01134811 1 -3.14935544 5.30724687 2.01599198 0 -4.77028785 4.77729957 1.34951102 1 -2.76624414 4.06586285 3.30618634 1
105 8.909705 -1.2191775489e-3 -1.1439101256e-3 | 0.04617282 0.08614240 0.07928212 0 -1.36636592 -1.04734936 0.34834276 1 0.63350989 -0.31990484 -1.60671042 1 -6.32799418 6.05612292 2.02779107 0 -6.37634761 7.05914536 0.49675520 1 -5.17876934 4.68680757 1.63197828 1
106 6.479503 -2.5377364125e-5 5.8726900335e-4 | 0.11661378 0.00495286 0.04706158 0 -0.41297316 -0.64857808 -1.57925262 1 -1.43792350 0.56996610 0.83229017 1 0.95842028 5.53378087 3.01526642 0 0.23924086 5.87598640 4.66394444 1 0.75518186 7.10698902 2.10087028 1
107 8.111888 3.7347128122e-4 4.5443670246e-4 | -0.07793135 0.02320916 0.09605277 0 -0.28007099 0.50685016 -1.65828295 1 1.51699926 -0.87522655 0.13373105 1 3.41014423 4.00420951 6.05190814 0 3.10111988 3.03862138 7.57657413 1 5.15046763 4.55050073 6.21081195 1
108 8.845555 -4.1819416887e-4 -3.5422353302e-4 | 0.00282391 -0.04786354 0.11635808 0 0.94989832 -0.60008725 -1.35012135 1 -0.99471956 1.35977851 -0.49671688 1 -7.74316911 -1.56708488 -3.96565412 0 -7.99448461 0.14515959 -4.56358579 1 -8.48992938 -1.57357058 -2.29391339 1
109 13.434990 -1.6774985581e-4 -1.6536885057e-4 | 0.04995935 0.11217871 0.02753352 0 -1.45775810 -0.23794060 -0.95056025 1 0.66480204 -1.54256263 0.51354751 1 -7.27469253 -10.92216189 2.82100444 0 -7.30657561 -9.35131822 3.76116214 1 -7.17366952 -12.21666571 4.11192049 1
110 13.446153 1.0541308016e-4 1.0279111505e-4 | -0.12345454 0.02424333 0.00305525 0 1.20540367 0.83140355 0.97005635 1 0.75406967 -1.21619423 -1.01854936 1 -12.48445014 -4.61279106 1.72833681 0 -13.71416190 -5.87446711 1.22989382 1 -10.94093983 -5.56470233 1.98102423 1
111 7.875816 -1.5694878775e-3 -1.4624297806e-3 | -0.08487641 -0.08398671 -0.03975328 0 0.22698343 1.59664118 -0.69602778 1 1.12017694 -0.26360205 1.32699278 1 -7.25787218 1.37821271 -2.59804555 0 -6.46851003 -0.25373142 -2.85520048 1 -8.72431350 1.34590322 -3.69390868 1
112 5.795810 -1.3952300644e-3 5.1725217986e-5 | 0.00153662 -0.06051469 -0.11033452 0 -1.20655232 1.18609290 0.47186262 1 1.18216298 -0.22560233 1.27936958 1 3.21561016 1.98588285 -4.38516175 0 4.24322787 1.23710715 -5.70265927 1 3.66136830 1.04580607 -2.87852133 1
113 13.591377 -8.8653277970e-5 -8.7418344251e-5 | -0.05627247 -0.09469004 0.06087119 0 1.61868261 0.58778831 0.34584780 1 -0.72552462 0.91513420 -1.31199683 1 -13.29436535 -1.85231651 2.02985924 0 -13.41656342 -3.46724328 1.17572689 1 -13.02899744 -2.29224909 3.78725766 1
114 10.269243 -5.0500762714e-4 -4.9544620498e-4 | 0.06713621 0.06987746 0.08029922 0 -1.72570617 0.17626768 -0.27587520 1 0.66011865 -1.28536444 -0.99863601 1 -7.76925765 6.80393200 0.85514976 0 -6.48097789 7.65086581 -0.13252492 1 -6.82950178 5.90895436 2.14677043 1
115 9.308357 -9.2480105394e-4 -8.9571367984e-4 | -0.02865089 -0.12199851 0.01155793 0 0.83301745 0.70422110 -1.37673300 1 -0.37826991 1.23214219 1.19328528 1 -5.86028785 -4.25787374 5.92620528 0 -5.25868120 -3.27035277 4.50658044 1 -7.03803061 -5.44523973 5.18089056 1
116 11.067213 3.8219774183e-4 3.7272788167e-4 | 0.06184632 -0.08868648 0.06440370 0 -1.67908831 -0.11815982 -0.50193614 1 0.69746207 1.52579378 -0.52028093 1 7.28161004 2.77655239 7.73211156 0 6.42044724 4.32600139 8.19044477 1 9.05555063 3.15955316 7.97471254 1
117 11.081998 2.9446146497e-4 2.8669845322e-4 | -0.07765457 -0.09410120 0.03086793 0 0.46455681 0.41350502 -1.64269284 1 0.76797836 1.08007140 1.15275638 1 -0.78533402 2.72651780 10.76826844 0 1.00357625 3.10967885 10.69444063 1 -1.53669244 3.84819195 9.53145089 1
118 10.089412 -9.9585702932e-4 -9.7680946094e-4 | -0.00838706 -0.11721220 -0.04504502 0 -0.71040763 1.41525741 -0.76000437 1 0.84352719 0.44513742 1.47495994 1 -6.71417148 -5.77379583 -5.03270516 0 -6.05068457 -4.62998741 -3.76623355 1 -5.47634604 -7.12044184 -5.11481938 1
119 13.468033 -3.7543286233e-4 -3.6947482867e-4 | 0.05023936 -0.07596584 0.08685214 0 0.89379797 1.21195335 -0.90417557 1 -1.69119829 -0.00622174 -0.47434364 1 -8.91243021 7.66672226 -6.37334390 0 -10.45916294 7.35574823 -7.30252414 1 -9.39609414 8.87724903 -5.08761291 1
120 11.367396 2.9369747058e-4 2.8660152618e-4 | -0.09929606 -0.02568958 -0.07292760 0 -0.03062958 1.08021642 1.38471423 1 1.60665894 -0.67247075 -0.22720564 1 3.31775443 -2.26554327 -10.61291896 0 4.92108103 -2.22703575 -9.72955953 1 3.35179852 -0.77201108 -11.67150889 1
121 14.646654 -8.6417659759e-5 -8.5550796470e-5 | -0.06838003 -0.03626890 -0.09923122 0 -0.61032001 0.12243791 1.64248520 1 1.69564942 0.45322298 -0.06748495 1 -9.53772586 10.62072464 -3.51578594 0 -8.93558141 12.29958903 -3.10190273 1 -8.01847806 9.60063751 -3.57676467 1
122 6.077187 -4.2146316719e-3 -2.5595175230e-3 | 0.01629158 0.12177033 0.02728857 0 -0.55460200 -1.21392163 1.14195012 1 0.29602171 -0.71882002 -1.57507498 1 1.76510848 -2.62908398 -5.17850703 0 3.51778529 -3.08636178 -5.44587175 1 1.78054796 -0.79885156 -5.12930400 1
123 7.095563 -3.2465433160e-3 -2.8050936985e-3 | -0.03815502 0.10051792 0.06540978 0 1.03855229 0.06460331 -1.41508825 1 -0.43295494 -1.66002609 0.37690272 1 3.34989940 -3.16271225 5.36686575 0 3.78061278 -1.65401082 4.42306023 1 4.32652101 -3.02217860 6.90922451 1
124 12.146517 3.2153534866e-4 3.1490094706e-4 | 0.11626933 -0.04632444 -0.01317515 0 -1.16045133 -0.54125220 1.20234685 1 -0.68497825 1.27651488 -0.99323050 1 -4.03908657 -10.43921409 4.63607213 0 -4.50807336 -8.77425510 5.23642687 1 -5.42049198 -11.51543898 5.17073939 1
125 8.569543 -7.1779121362e-4 -6.3807216914e-4 | 0.01432102 -0.12063903 0.03285162 0 -0.36050921 1.30410795 1.12007802 1 0.13320563 0.61067759 -1.64149974 1 -6.88889486 -2.22971727 4.69013230 0 -6.80785047 -3.73760816 3.65468083 1 -7.14159099 -0.87199416 3.48799143 1
126 8.344824 -6.1397873225e-4 -4.7112012290e-4 | -0.03438455 0.02692538 -0.11802891 0 0.78767080 -1.48968594 0.49563060 1 -0.24191845 1.06232573 1.37772703 1 3.38717266 -7.71692534 -0.50159044 0 4.28054410 -6.18771238 -0.03698513 1 2.48527666 -7.26408118 -2.02930959 1
127 9.455362 -5.9644486046e-4 -5.7386806927e-4 | 0.11533417 -0.03206853 0.03882958 0 -0.35502611 1.34674625 -1.07026641 1 -1.47556051 -0.83775385 0.45396247 1 -5.26667268 6.03793167 4.79824443 0 -6.59143922 7.15135006 4.20011737 1 -4.57203726 6.90655971 6.25267800 1
128 5.200500 -5.8614310334e-3 -3.3377652029e-3 | 0.08734713 0.08320391 -0.03585643 0 0.31876286 -1.42391669 0.97779890 1 -1.70513860 0.10330220 -0.40868480 1 3.43644925 -0.98088145 3.69604180 0 2.63993729 0.66142861 3.84043452 1 4.35032631 -1.17721183 5.27042838 1
129 8.726900 3.9322280017e-4 4.5330654459e-4 | 0.06499878 0.06090374 -0.08890438 0 -0.50415720 0.70464580 1.52791983 1 -0.52750505 -1.67131147 -0.11682745 1 -3.88055036 -6.13270628 -4.96114682 0 -2.55922654 -7.22892076 -4.32484497 1 -4.66462985 -5.45172337 -3.45320396 1
130 8.021707 -1.6968423323e-3 -1.4572014472e-3 | -0.03834424 -0.11952474 0.00903611 0 -0.87726336 1.26961631 -0.83888176 1 1.48586403 0.62748325 0.69546036 1 -4.28190752 1.66305616 6.70191608 0 -3.15474396 3.09652876 6.86660218 1 -3.97271324 1.04038632 5.00807689 1
131 9.028528 -9.3035287964e-4 -8.6347223460e-4 | 0.06635122 -0.08993285 0.05785926 0 0.68934267 1.23982328 -1.03580120 1 -1.74247089 0.18759305 0.11745770 1 -5.90181821 0.44361087 -6.87408504 0 -4.16748575 0.86471001 -7.28302185 1 -5.95758020 -1.38346537 -6.97940856 1
132 10.984361 -9.9073841540e-5 -9.8641135011e-5 | -0.11656950 0.03926536 -0.02660602 0 1.15475728 -0.57928134 -1.19004536 1 0.69543654 -0.04393939 1.61233669 1 -10.82602986 2.05024995 -0.53199305 0 -10.06936802 3.55446713 -1.25119847 1 -10.46081755 2.17515301 1.25781957 1
133 10.365928 -4.3977840238e-4 -4.3239774348e-4 | -0.07470339 0.06378649 0.07866883 0 1.48658157 -0.80902825 0.46988055 1 -0.30088762 -0.20339238 -1.71851402 1 -7.04299043 -3.31315707 6.95131210 0 -8.18160555 -4.26017038 5.87465789 1 -5.41766354 -3.45310112 6.11996488 1
134 9.167522 -1.1916974075e-3 -1.1525470580e-3 | -0.03058196 0.04911675 -0.11176039 0 1.63936361 -0.35981483 0.51793767 1 -1.15396608 -0.41976748 1.25592588 1 8.58741853 0.98473545 -3.18374844 0 8.83010300 -0.38225143 -4.37744605 1 6.95705635 1.68784712 -3.63092083 1
135 9.422190 9.1911554847e-5 1.1621309301e-4 | -0.04909384 0.11532842 0.01128041 0 -0.87568743 -1.40531019 -0.58610067 1 1.65490598 -0.42518518 0.40705776 1 5.46577794 -0.20724022 7.80807548 0 4.99153889 0.33640886 6.12521901 1 4.32222159 -1.58988808 8.17273120 1
136 7.454045 8.0025897665e-4 1.3376620062e-3 | -0.11883221 -0.02987689 -0.02871190 0 0.47965956 1.42182844 0.91300042 1 1.40644811 -0.94762170 -0.45728449 1 4.80347592 5.04525356 2.83165934 0 3.86889909 4.06063807 1.60301726 1 6.44543198 4.23792270 2.89953573 1
137 5.978402 -5.1843220039e-3 -3.5652797082e-3 | 0.09297074 -0.02948741 -0.07953006 0 -1.67151729 -0.50674867 -0.18567428 1 0.19588357 0.97477359 1.44797733 1 4.51297687 -0.39300369 4.04844480 0 3.08208428 -1.28773710 3.33819033 1 5.50588409 0.09661986 2.59008474 1
138 8.474406 -3.6946243145e-4 -2.3813766666e-4 | 0.05679242 -0.10901422 -0.02699292 0 -0.91832941 0.31196974 1.46444022 1 0.01691882 1.41830653 -1.03600801 1 -4.20465132 7.43370626 -0.28238765 0 -4.39299897 5.99820245 0.83846776 1 -4.93308065 6.86769128 -1.86397792 1
139 5.426123 -1.4429933735e-3 3.6169503514e-4 | 0.11143979 -0.03018610 -0.05008061 0 -0.25136593 1.27446319 1.18228505 1 -1.51740914 -0.79534875 -0.38740435 1 1.70525921 -4.85587256 -1.66469120 0 2.04989268 -3.45179227 -2.78818984 1 3.35103812 -5.59372529 -1.34942121 1
140 7.938148 -1.9658367993e-3 -1.7804215830e-3 | -0.07537046 -0.08310827 0.05701232 0 -0.51413511 1.57079767 -0.59455779 1 1.71041689 -0.25170119 -0.31034307 1 -0.93415147 -7.67465262 2.01696608 0 -0.35028184 -8.93452562 0.82353440 1 -0.53630551 -6.07743036 1.21508722 1
141 8.541189 -1.5692100802e-3 -1.4559545265e-3 | 0.01487204 -0.11703616 0.04381159 0 -0.25993004 1.41706884 1.00478429 1 0.02388069 0.44053193 -1.70016281 1 0.26916767 7.52853385 -3.94426918 0 1.93445359 6.96245374 -4.45303138 1 -0.64171312 7.71989322 -5.52100245 1
142 9.298324 -2.7660339843e-4 -2.5237087972e-4 | -0.11475248 -0.04169965 0.03051398 0 0.42975284 1.69244928 -0.19017654 1 1.39160128 -1.03059138 -0.29414204 1 7.53008284 -0.63993626 -5.39786027 0 6.08615901 0.47327554 -5.22961535 1 8.54087963 0.13098077 -6.71558058 1
143 6.867386 -2.4525172140e-3 -1.9792811757e-3 | 0.08758990 -0.08481868 0.03117528 0 0.28306190 1.39690619 -1.02653215 1 -1.67329084 -0.05066213 0.53171739 1 2.16674207 -0.55680101 -6.44118138 0 3.42038835 -0.71513289 -5.11612859 1 3.14355914 -0.16669484 -7.93986601 1
144 7.272841 -4.6581256612e-4 -1.2537479581e-4 | -0.07184615 -0.08694678 0.05582548 0 1.72583794 -0.16245106 -0.28342943 1 -0.58549416 1.54247244 -0.60263390 1 1.83751347 -1.16050389 -6.86985684 0 2.36318511 0.57739733 -7.10614388 1 0.71651116 -1.48676356 -8.28028886 1
145 7.411736 9.5426091085e-4 1.5521490478e-3 | 0.04518607 0.10907101 -0.04358704 0 0.61617287 -0.84330456 1.41223497 1 -1.33336720 -0.88787310 -0.72042040 1 -6.05629542 -4.16800645 -1.37381397 0 -7.51350618 -3.06729474 -1.24177829 1 -4.71032223 -3.23154713 -0.55906853 1
146 9.215995 -2.5324365789e-4 -2.0846814708e-4 | 0.07182454 0.02759237 0.09958912 0 -0.61482802 -1.60210546 -0.37481170 1 -0.52517281 1.16415867 -1.20586914 1 3.18257863 -6.93544737 -5.33210291 0 1.93473505 -5.60077235 -5.45039029 1 4.75016981 -6.05565237 -4.98421117 1
147 10.627331 5.4532864408e-4 5.3451710774e-4 | 0.03391369 -0.06721908 0.10084420 0 -0.52414143 -0.68804209 -1.52876193 1 -0.01413745 1.75494486 -0.07183968 1 -7.78216309 -5.32486339 -5.01074397 0 -6.07541432 -4.70174166 -4.78449008 1 -8.35210587 -4.52373569 -6.55533766 1
148 9.448640 -8.2891452409e-4 -8.1427797051e-4 | -0.06809266 -0.09870749 0.03818792 0 -0.50462693 1.67643352 0.14199127 1 1.58539527 -0.10974593 -0.74811090 1 -9.00910630 2.37545864 -1.10453222 0 -10.80724579 2.72045002 -1.11628855 1 -8.87367064 0.72215407 -0.32951529 1
149 9.417805 -6.0979160374e-4 -5.8593983083e-4 | -0.09374374 -0.02443701 -0.08033081 0 -0.14582657 1.01499575 1.42609868 1 1.63372948 -0.62713095 -0.15108612 1 -5.39991950 -0.14140688 -7.80765346 0 -3.78913533 -0.94533574 -7.47368398 1 -5.00497755 1.64512998 -7.87633364 1
150 7.256667 -1.1176583774e-3 -5.2269383986e-4 | 0.11633209 -0.01876741 -0.04418966 0 -0.97899280 1.41921733 -0.33561059 1 -0.86743284 -1.12134047 1.03698991 1 -1.55444638 2.41693272 6.75205617 0 -1.11312360 2.03202693 5.01725225 1 -3.34300143 2.03902181 6.85532398 1
151 7.293035 5.0128093065e-5 4.1297289832e-4 | -0.04714216 -0.11427141 0.02361690 0 -0.67181499 1.13795423 -1.15713611 1 1.42005640 0.67576431 0.78228810 1 -2.62643605 4.10884669 5.43677428 0 -2.36721752 5.90777018 5.21509233 1 -0.93326419 3.41427419 5.49288226 1
152 8.254884 -2.9752100241e-4 -1.6702855316e-4 | -0.10953839 0.01338933 -0.06049929 0 0.81151057 -1.53443471 0.26870039 1 0.92708529 1.32191890 0.69154576 1 0.08370163 8.31230392 1.00965611 0 -0.43809337 6.92393448 -0.06394677 1 0.65547878 7.50060155 2.54803844 1
153 7.130744 -2.7708387210e-3 -2.3856347858e-3 | -0.07616207 0.09919149 0.01408839 0 0.48294839 -0.67658035 -1.54733289 1 0.72589780 -0.89778939 1.32372159 1 -2.51006070 -4.72545203 4.54822481 0 -4.18068102 -4.91847207 3.82418483 1 -2.60349346 -5.62489634 6.14029274 1
154 9.194550 1.0145303899e-4 1.4420370270e-4 | 0.10108562 -0.00333134 -0.07489123 0 -1.39581142 -1.05439035 -0.15877870 1 -0.20862190 1.10726539 1.34745409 1 -7.77950473 -1.66934958 -4.82707807 0 -7.90049985 -2.92026527 -3.49552521 1 -6.11447325 -0.93976692 -4.60847038 1
155 8.385198 -3.7672403833e-4 -2.7338137308e-4 | -0.03847897 0.06039928 0.10348619 0 -0.88890280 -0.05325833 -1.51401934 1 1.49964187 -0.90540056 -0.12851593 1 0.18674811 -4.29702966 -7.18030112 0 -0.63549958 -5.63750084 -8.11812234 1 -1.18170528 -3.46348521 -6.29432765 1
156 7.437295 2.0674323147e-4 3.9383921894e-4 | 0.04323251 0.06249720 0.10031524 0 0.71456090 0.06774903 -1.60313817 1 -1.40074834 -1.05970601 0.01093235 1 7.08921760 1.06038894 1.62923032 0 7.86705351 -0.54577764 1.21976347 1 7.79561105 1.49902979 3.26049135 1
157 7.056739 2.7239293232e-5 3.9298213716e-4 | 0.01278459 0.05597158 -0.11199032 0 -1.16494494 -1.26517198 0.35704669 1 0.96202762 0.37678966 1.42046635 1 5.83427248 -3.03082737 -2.31452641 0 6.67382518 -4.47302849 -1.56108758 1 5.42151300 -3.58605891 -4.00974250 1
158 8.512171 -1.1473129980e-3 -1.0539848897e-3 | -0.07564356 0.10054736 0.00252491 0 1.70349541 0.02074451 0.42768242 1 -0.50287896 -1.61663464 -0.46775791 1 1.31422439 0.37287223 8.38771995 0 -0.30186536 -0.44244782 8.11209331 1 0.88469435 1.96418780 9.18498323 1
159 8.025830 -5.2982661086e-4 -4.1452785953e-4 | 0.03297712 -0.07050209 0.09889419 0 -1.65528385 0.29913277 -0.50576095 1 1.13187025 0.81987811 -1.06388998 1 -1.87325243 7.40632641 2.09913412 0 -1.70645466 9.13777995 2.67071966 1 -3.61172422 6.97366201 2.47719150 1
160 8.512759 -8.3120589414e-4 -7.9287667403e-4 | 0.10698942 -0.05006565 -0.04341418 0 -0.39367554 0.19451776 1.70071209 1 -1.30446309 0.60012535 -1.01164118 1 4.03782588 2.77125593 -6.90242798 0 4.00432421 0.97301361 -6.55940454 1 4.76508044 2.89573646 -8.57814139 1
161 9.868392 -2.7091112148e-4 -2.6296053973e-4 | -0.06363667 0.10064026 0.04074320 0 1.48181065 0.06883880 -0.94060492 1 -0.47176792 -1.66620339 0.29392783 1 1.30987152 5.38986722 8.17953453 0 1.92247863 5.49564003 6.45733026 1 2.83208932 5.33638149 9.19560651 1
162 5.729922 -3.2189634217e-3 -1.8710130182e-3 | 0.04800747 -0.06374975 0.09731058 0 0.37593803 1.67290375 -0.38118609 1 -1.13791373 -0.66106624 -1.16332972 1 -1.15068365 -4.80052135 2.83878727 0 -1.31357843 -6.62133754 2.73604194 1 0.55845694 -4.46941834 2.27167240 1
163 7.733406 7.4887216417e-4 9.0525312743e-4 | 0.02525779 0.05292499 0.11135118 0 0.80107924 -1.43029462 -0.63068895 1 -1.20197154 0.59026786 -1.13667960 1 6.11373273 4.53707061 1.09235884 0 6.54401033 4.09773140 -0.63225855 1 7.52639088 3.91877120 2.07953301 1
164 5.896616 1.0836918811e-3 2.2264533451e-3 | -0.03095317 0.01639588 -0.12087668 0 -0.32968959 1.15565034 1.28102156 1 0.82097897 -1.41588615 0.63753604 1 -0.25274229 3.04949112 -5.07066626 0 -1.73950503 3.52055366 -4.11144806 1 1.04523641 4.19842131 -4.48107256 1
165 9.671096 -4.5448287783e-4 -4.3895410657e-4 | -0.00892219 -0.12537454 0.00630204 0 1.42250600 0.87386350 -0.54596562 1 -1.28089283 1.11608416 0.44593943 1 -5.94870115 -2.77237649 7.27192582 0 -5.94571116 -1.24079552 6.26857460 1 -4.75779720 -3.87084350 6.41897327 1
166 9.886377 2.2051030261e-4 2.2927826959e-4 | -0.11409420 0.05302077 -0.00306718 0 1.50921120 0.86239247 -0.25258655 1 0.30169462 -1.70393946 0.30126886 1 8.66010268 -4.81351570 1.15826115 0 7.42649742 -5.73361536 2.15027807 1 7.80513201 -4.48121648 -0.42635629 1
167 6.543229 1.1844163666e-3 1.7828769439e-3 | 0.02938328 0.07155695 -0.09926893 0 0.74024674 0.14062427 1.58666278 1 -1.20661893 -1.27637793 -0.01106390 1 3.17602728 -3.42177733 -4.47362362 0 4.79030577 -3.79012565 -3.69203079 1 2.54624581 -5.05922777 -4.99759060 1
168 6.808577 -1.3992600954e-3 -7.3445273998e-4 | 0.01782211 -0.03201386 0.12039759 0 0.98701918 -0.56247161 -1.33964847 1 -1.26989217 1.07059642 -0.57130502 1 -0.15989428 -6.84186805 -0.16377520 0 -1.76444557 -7.62370883 0.24439514 1 -0.61971954 -5.31727860 -1.06743321 1
169 8.862022 -9.3350765040e-4 -8.8317836750e-4 | -0.08009488 0.08169185 0.05243423 0 1.03043319 0.35568847 -1.37729167 1 0.24083463 -1.65230344 0.54505437 1 1.57904404 -7.66311791 3.95538701 0 1.72277553 -8.38656039 2.27954837 1 1.69590373 -9.10430016 5.07866238 1
170 7.172794 -1.6506729978e-3 -1.1454473906e-3 | -0.10631789 -0.03499188 0.05753409 0 0.22467999 0.04609040 -1.74144589 1 1.46280002 0.50930154 0.82826342 1 1.60136045 -1.63096239 6.90932562 0 3.26363045 -0.97508597 6.51039270 1 0.71840461 -1.62362563 5.30534770 1
171 7.447260 -3.1024239570e-3 -2.7354236310e-3 | -0.07012570 0.08054909 0.06657573 0 1.62108414 -0.51316978 0.44043407 1 -0.50804738 -0.76530722 -1.49712557 1 -2.33571486 -5.95360244 -3.61482753 0 -1.69282472 -7.48071572 -2.83567404 1 -4.03851190 -6.39201617 -4.12540140 1
172 7.357497 -3.3912127694e-3 -2.9857066881e-3 | -0.10077015 0.05586170 -0.05062552 0 0.72395058 -1.48493306 -0.59674831 1 0.87547565 0.59829487 1.40027779 1 -4.87975602 0.52538224 -5.59368395 0 -5.53391131 2.18146532 -5.16714842 1 -4.03978644 -0.03333539 -4.06571283 1
173 5.946425 -1.5615780644e-3 6.9970440606e-5 | -0.11236064 -0.05650767 0.00447956 0 0.43402975 1.43399619 0.91679458 1 1.34936099 -0.53710517 -0.98789434 1 5.25806029 -2.42504354 -1.09485237 0 6.82818773 -2.77126464 -1.97080537 1 5.28740650 -0.61538233 -0.81794962 1
174 5.369847 2.2681212551e-3 4.4500565188e-3 | -0.01140748 -0.05756129 -0.11133132 0 -0.22526833 1.72221788 0.26164659 1 0.40632811 -0.80860375 1.50540682 1 5.21792426 0.86746281 -0.90968200 0 4.17030974 0.72855719 0.58553436 1 6.42587330 2.17849075 -0.49198010 1
175 7.982531 -2.8488650643e-3 -2.6342964293e-3 | 0.10434753 0.06145235 0.03425344 0 -1.07221410 -0.84204437 1.10750052 1 -0.58399233 -0.13332883 -1.65117190 1 -1.61120418 -1.87510835 -7.46461200 0 -0.85208023 -1.16062165 -8.96983706 1 -2.21291732 -3.51889754 -8.00155562 1
176 6.585925 -1.2223660660e-3 -1.6220373654e-4 | -0.03708039 0.10254594 -0.06282890 0 -0.82313942 -0.66416557 1.40234261 1 1.41168027 -0.96344601 -0.40512077 1 2.17877414 -2.46212866 -5.79545740 0 0.74041030 -2.19620383 -6.89675497 1 1.51075581 -2.19651749 -4.11152977 1
177 6.020572 -2.5855109263e-3 -8.3668445578e-4 | -0.12382297 0.00546836 -0.02181894 0 1.23463166 0.60134168 -1.09513106 1 0.73068940 -0.68813565 1.44144184 1 -1.29690114 0.93722144 5.91024383 0 -0.96765694 -0.84592044 6.16414574 1 -1.17532828 1.16308521 4.09734129 1
178 9.149780 -1.9946538622e-4 -1.6605620512e-4 | -0.09489226 0.06899165 -0.04553798 0 0.72130568 -1.37346781 -0.82373750 1 0.78482645 0.27843064 1.54651740 1 3.13991443 -8.50334364 1.14303895 0 2.59595570 -7.76614111 -0.44223838 1 4.69119343 -9.38016038 0.72216378 1
179 5.933174 -2.7597420837e-3 -1.5161563210e-3 | -0.10620376 -0.06729586 -0.00548855 0 1.02159905 0.13953874 1.42200686 1 0.66406956 0.92858280 -1.33489246 1 -2.26307795 5.37914151 -0.75103631 0 -3.26140200 4.09242079 -1.58779302 1 -3.49302061 6.62623901 -0.21774566 1
180 5.552650 -4.2792736560e-3 -2.1055789993e-3 | 0.10112142 -0.07458904 -0.00700213 0 -0.27294214 1.19720084 1.25596653 1 -1.33205947 -0.01332188 -1.14482853 1 -2.45067457 0.45449228 -4.86205516 0 -1.95837553 0.72610833 -6.60456176 1 -3.24081486 -1.19717908 -4.87042606 1
181 5.135569 2.2072653589e-3 4.7124042292e-3 | -0.05103477 0.02604034 0.11205110 0 1.41215203 -1.01601412 -0.24244823 1 -0.60212692 0.60270128 -1.53602949 1 -3.89827607 -1.87072016 2.88392412 0 -5.10659501 -0.77245676 2.05552462 1 -2.97656912 -2.64616295 1.50495537 1
182 7.477613 3.3317319546e-4 8.0890569292e-4 | 0.08936671 0.06195792 -0.06334749 0 -1.70388798 0.42661414 -0.00230372 1 0.28545750 -1.41001171 1.00775654 1 1.63273643 -4.97057807 5.44536070 0 -0.09279581 -5.58264203 5.42589017 1 2.04249273 -4.72487447 3.67783714 1
183 7.513395 -1.4439654381e-3 -1.1711115152e-3 | 0.03215028 0.10413146 -0.06293723 0 -1.64865811 -0.45883420 0.39577368 1 1.13836807 -1.19394274 0.60316759 1 -0.47228341 -7.12102622 -1.97286996 0 -1.86109415 -8.27366419 -1.66449788 1 1.02505977 -8.14799680 -1.73685119 1
184 5.157821 -1.2355347093e-4 2.8360130812e-3 | -0.04866439 -0.04143351 -0.10841189 0 -0.41330071 -0.63124167 1.58617643 1 1.18570311 1.28887528 0.13453963 1 -2.52727303 3.31656612 3.19474976 0 -2.91782813 2.42451309 1.64421082 1 -1.98304430 2.00057755 4.34557521 1
185 9.847357 -5.9399754150e-4 -5.7167819043e-4 | -0.04445646 0.11664517 0.01598825 0 0.39049859 -0.71547214 -1.55590799 1 0.31511536 -1.13592275 1.30214211 1 5.09345992 -6.50050662 -5.36911885 0 3.53781604 -7.40881485 -5.69685525 1 5.18186000 -5.26070795 -6.71354985 1
186 8.773326 -1.4721455536e-3 -1.4083458496e-3 | 0.03116384 -0.02488338 -0.11936385 0 -0.69121265 1.51581791 0.55656116 1 0.19657940 -1.12086832 1.33798468 1 -7.21060229 -4.94674034 0.45923417 0 -7.84057716 -6.64738143 0.20741196 1 -6.04345812 -4.68974387 -0.92789860 1
187 5.173060 5.0585694280e-3 7.1664955258e-3 | -0.09850048 -0.01948777 0.07586817 0 -0.11696176 0.48935547 -1.68288157 1 1.68036369 -0.18004508 0.47870022 1 0.58837059 5.00036991 0.58126352 0 0.81693856 6.09167829 2.03359461 1 1.82616320 5.59722202 -0.62871460 1
188 5.382555 2.4326492859e-4 2.1764645854e-3 | 0.00252145 -0.11644903 0.04765880 0 0.77114319 0.48090854 -1.50309825 1 -0.81116367 1.36737327 0.74665663 1 2.11766558 2.86417225 3.87920278 0 3.26636256 4.02546333 3.05194153 1 2.38905122 3.15963254 5.66566943 1
189 6.116252 -3.2897064054e-3 -1.6824710263e-3 | 0.10107334 -0.06623865 0.03513856 0 -1.22926852 -0.57085026 -1.11725918 1 -0.37496986 1.62219167 0.55953914 1 0.26112161 4.17432311 4.50294378 0 -0.47725130 3.95059723 6.16343017 1 0.55782401 2.46787142 3.90931062 1
190 8.275963 -9.0300808722e-4 -7.9927742041e-4 | 0.09830020 -0.04683069 -0.06310351 0 -0.41323077 1.70518145 0.08267864 1 -1.14699238 -0.96188369 0.91890178 1 -7.19680440 1.77133615 -3.50535141 0 -8.41244585 1.34113154 -4.80519861 1 -6.32899518 3.24023107 -4.16993016 1
191 9.086262 -6.4116834224e-4 -5.9890595955e-4 | -0.01488953 0.02407441 -0.12262471 0 -1.27359819 0.12145473 1.20350969 1 1.50992524 -0.50356433 0.74279269 1 7.10071298 -0.15904119 5.56466143 0 7.74351750 0.11848866 7.25647774 1 6.50794011 -1.89123796 5.58756817 1
192 6.157898 -3.9022573262e-3 -2.5408344753e-3 | 0.03668962 -0.10800911 0.05316013 0 -1.67326787 0.48381962 -0.22656659 1 1.09092937 1.23050359 -0.61719227 1 5.09926387 3.41045723 -0.20395650 0 6.50402865 3.76991076 0.91402916 1 5.11218413 1.58709871 -0.37010950 1
193 6.299664 -2.6981244986e-3 -1.8353898085e-3 | 0.03480810 -0.02500555 0.11832673 0 -1.65467224 -0.05377543 -0.58686215 1 1.10219718 0.45066411 -1.29122248 1 4.51417644 -2.53231649 3.63887163 0 3.43791687 -1.18154947 4.24678338 1 3.74774851 -4.05400648 4.30928780 1
194 6.108687 3.3800214075e-4 1.4057436355e-3 | 0.02805731 0.12243500 0.00778175 0 0.02837025 -0.93877039 -1.48429932 1 -0.47369646 -1.00452077 1.36078725 1 5.17735541 1.82203423 2.76293740 0 4.36026332 0.21794566 3.09718767 1 4.50943215 2.94298005 4.04737075 1
195 10.487536 5.0101365559e-4 4.9138152606e-4 | 0.11306090 -0.00549499 0.05500121 0 -0.26273505 0.19721432 -1.72549008 1 -1.53177030 -0.10999772 0.85250954 1 4.22873925 9.49057436 0.57021047 0 4.03684520 11.19638493 1.20727394 1 3.96624097 9.65259257 -1.23457616 1
196 10.200875 1.5855557237e-4 1.5634748104e-4 | -0.03003772 0.03405108 0.11737272 0 -1.07032621 0.14061060 -1.38559361 1 1.54708554 -0.68107012 -0.47734902 1 3.81806792 9.09476444 2.15722105 0 3.74759778 9.13174377 3.98646389 1 3.74828011 10.85804094 1.66896322 1
197 7.416559 -1.5310010493e-3 -1.1927749316e-3 | 0.06239488 -0.08380287 -0.07015736 0 -1.39212305 0.92105516 -0.54670834 1 0.40179005 0.40906591 1.66024760 1 6.20326109 3.33277726 -2.44291271 0 5.86876606 1.74376414 -1.59697344 1 6.84630601 4.42068909 -1.11801607 1
198 6.978685 1.2770996459e-3 2.1046719167e-3 | -0.10220831 0.01267983 0.07232413 0 1.02776905 1.32684318 -0.51808991 1 0.59448361 -1.52809767 -0.62984046 1 4.13379691 -2.14198595 -5.28169289 0 5.88920565 -1.76373651 -4.92401934 1 3.28797368 -1.91264503 -3.67408727 1
199 8.935924 -9.6705078789e-6 1.1620079349e-5 | -0.11743320 0.00718281 -0.04467603 0 1.36989706 0.89086809 -0.64418575 1 0.49400544 -1.00487377 1.35328474 1 -4.45944725 7.42870572 -2.23510019 0 -4.10396374 8.66397480 -3.53901915 1 -2.80566723 6.90241772 -1.65162556 1
200 4.724696 8.2530358858e-3 1.1312903756e-2 | 0.05362863 -0.08587826 -0.07474618 0 -0.38209862 1.64508310 -0.48264005 1 -0.46909624 -0.28202136 1.66901316 1 -3.62337609 -1.49150858 -2.66898407 0 -3.11657478 -3.10227568 -1.96113898 1 -2.56087632 -1.29587405 -4.14723690 1
201 6.147001 2.1352271690e-3 2.9109921357e-3 | -0.05534704 -0.10443056 0.04323262 0 1.72784798 0.18056202 -0.25918703 1 -0.84937845 1.47696233 -0.42700209 1 -3.77955148 -4.48381747 -1.41179760 0 -3.81361687 -6.23463257 -0.87705568 1 -4.47500417 -4.51741632 -3.10520443 1
202 5.424838 4.1977675110e-3 5.9709237793e-3 | -0.02362653 0.07282903 0.09987901 0 -1.23158663 -0.75276672 -1.00088752 1 1.60658752 -0.40317730 -0.58439446 1 1.53147498 4.56671638 -2.40127428 0 3.04358862 5.59365998 -2.29468131 1 1.98938457 3.20941221 -3.54164888 1
203 5.137114 3.3414478323e-3 5.5484346943e-3 | -0.05009718 0.00714768 -0.11522708 0 1.29297934 1.03065721 0.59261229 1 -0.49783568 -1.14410532 1.23627461 1 2.89759213 -4.01486609 -0.99556184 0 4.09381802 -4.95591802 0.02224353 1 3.90976734 -3.32617902 -2.35703952 1
204 7.618706 -9.8762617641e-4 -7.1262265152e-4 | -0.10890800 0.00413585 -0.06292883 0 0.14328895 0.01745313 1.75054359 1 1.58530143 -0.08309747 -0.75173563 1 2.64190805 3.92112126 -6.10978322 0 3.50096480 2.39417475 -5.57788215 1 0.86913690 3.56152113 -5.82626910 1
205 10.139876 6.9627499983e-5 7.2843153418e-5 | 0.12420026 0.01989166 -0.00408821 0 -0.95785631 -0.03566187 1.47189630 1 -1.01345316 -0.28005906 -1.40700813 1 -2.67010243 9.06382853 -3.66608354 0 -2.02045550 10.54109058 -2.80114505 1 -3.85906116 8.33493680 -2.47970079 1
206 8.251052 -1.1599457822e-3 -1.0551628981e-3 | 0.03979335 -0.04505782 0.11056391 0 -1.66500070 -0.04854914 -0.55736419 1 1.03339976 0.76370786 -1.19750887 1 0.94834484 -7.23720958 3.88137385 0 0.43552473 -6.39204153 2.34021540 1 1.59634940 -8.85285629 3.31375970 1
207 7.770642 -6.2786156261e-4 -3.7950575528e-4 | -0.12200309 0.01656417 -0.02605705 0 1.24746600 -0.29073604 -1.20189031 1 0.68896997 0.02782908 1.61546841 1 0.18056375 -7.78943303 -0.51009710 0 -0.66138214 -8.50582627 -1.96967605 1 0.94160055 -6.24849098 -1.14154830 1
208 10.649660 3.1918235381e-4 3.1326555896e-4 | 0.08320961 -0.08790304 0.03445741 0 -0.99831167 -0.08073136 -1.44294680 1 -0.32239318 1.47593050 0.89603797 1 -0.09167551 9.22181929 5.50433600 0 -0.95384734 8.47972283 6.93905390 1 0.52716475 7.78186815 4.55776985 1
209 9.979679 -8.2670361668e-4 -8.1051047187e-4 | 0.09387616 -0.04690072 -0.06946715 0 0.03038374 0.14892729 1.74989619 1 -1.52038834 0.59548206 -0.64731187 1 9.21080316 -0.36400133 4.09083315 0 8.14877084 0.38382641 2.80036660 1 8.74173157 -2.13385402 4.08900718 1
210 6.346004 -1.8896324968e-3 -8.1496988562e-4 | 0.05729889 -0.07926485 -0.07919607 0 -0.30149682 -0.32949563 1.69875587 1 -0.60795246 1.58758921 -0.44175398 1 4.64647950 -3.34637145 3.00852339 0 5.24887093 -2.24457134 1.67599798 1 2.83190424 -3.10198179 3.00792554 1
211 7.742698 4.6925365530e-4 5.8401966274e-4 | 0.08031662 0.09654947 0.00809545 0 -1.60075912 -0.03079648 0.72239948 1 0.32597180 -1.50163900 -0.85089068 1 -2.05061912 7.25126027 1.57173258 0 -2.35453478 6.45954710 3.19447359 1 -3.63410172 8.07893741 1.17180329 1
212 8.417697 -2.8936446341e-5 5.8703724193e-5 | -0.06766183 0.08732552 -0.06028455 0 -0.60527688 -1.57789551 0.47866988 1 1.67920705 0.19186284 0.47816795 1 -7.51759560 -4.01861198 0.13959673 0 -7.91098811 -2.23090624 0.18218085 1 -5.82237011 -4.12224129 0.82361541 1
213 4.992972 2.5619590518e-3 5.5393534314e-3 | 0.09063405 -0.08428502 -0.02279477 0 0.04931801 1.68122795 -0.50624056 1 -1.48786378 -0.34345418 0.86803966 1 -3.45914843 2.87265412 -2.00505465 0 -4.55431109 3.48841435 -0.67316841 1 -2.70652039 4.38804699 -2.70472996 1
214 7.100077 1.3670578484e-4 7.3588160886e-4 | -0.00081897 0.12443217 0.01881646 0 1.44662794 -0.96075870 -0.26353279 1 -1.43362919 -1.01423173 -0.03512257 1 -2.01243770 -6.57293329 2.05893621 0 -3.61320113 -5.68857927 2.14802756 1 -1.36643394 -6.16658410 0.39461367 1
215 8.112479 -2.4907807232e-3 -2.3258705033e-3 | -0.07396248 0.07643199 0.06727406 0 0.32358284 -1.68029425 0.39641467 1 0.85035143 0.46716391 -1.46419008 1 5.00377232 -5.91642708 -1.94428354 0 4.35030513 -7.37428072 -2.83877015 1 6.72710300 -6.37737767 -1.53189298 1
216 9.041694 -8.4700895445e-4 -7.9888940773e-4 | -0.01954889 0.12351581 0.01413437 0 1.41703156 -0.70632371 -0.76050482 1 -1.10675116 -1.25412225 0.53616372 1 3.11985924 -7.94230514 2.74551384 0 4.80311917 -8.66277472 2.74077504 1 2.21213415 -8.91243293 1.48563398 1
217 8.581253 6.5162104492e-4 7.5887714482e-4 | -0.00890880 -0.12413933 -0.01865895 0 -1.02055206 0.92147152 1.09297892 1 1.16195282 1.04887085 -0.79682360 1 1.63608258 8.23323460 2.23748303 0 1.37800982 7.07826218 0.84037887 1 0.38760368 7.72560248 3.47684580 1
218 6.028441 -4.0022771293e-3 -2.2567343683e-3 | 0.01567449 -0.00170641 -0.12485790 0 1.07732618 0.80346431 1.13095208 1 -1.32611212 -0.77638009 0.85079544 1 1.34823279 -5.58227361 2.04939354 0 3.02564547 -6.00721265 1.45091515 1 1.14711966 -3.81687919 1.60741378 1
219 8.901442 -1.1229810308e-3 -1.0434463167e-3 | -0.09075591 -0.08492282 0.01973766 0 1.68929132 -0.22658051 0.42449418 1 -0.24881131 1.57447751 -0.73777081 1 2.24931843 2.33472916 8.40381486 0 1.21511621 3.59779296 7.57462339 1 1.64595548 0.74432606 7.72633337 1
220 8.902528 5.8630386222e-4 5.9055620761e-4 | 0.03110505 -0.10301827 -0.06525189 0 0.11850695 0.14992891 1.74605745 1 -0.61220699 1.48517947 -0.71037793 1 1.23049517 -5.60259085 -6.71758431 0 0.40927039 -6.29706346 -8.19939420 1 2.25439630 -4.23280513 -7.37159010 1
221 5.819912 -3.4201549659e-3 -1.6644819464e-3 | -0.01768851 0.05040403 -0.11395019 0 -0.84470503 0.50161399 1.45605495 1 1.12545752 -1.30162798 0.35256520 1 -4.37977609 3.96665726 -0.59290061 0 -4.85181017 2.71966338 0.66195117 1 -2.79268604 3.34915580 -1.26539385 1
222 8.473037 -1.3016143122e-3 -1.2135194276e-3 | -0.10284665 -0.00722868 0.07216930 0 0.34494323 1.30929742 -1.11892522 1 1.28744127 -1.19456371 -0.02654771 1 -7.62335330 2.73408411 -2.63351818 0 -8.82266676 3.42834553 -1.43680969 1 -6.04056005 2.69755270 -1.71382202 1
223 10.747950 6.2362124899e-4 6.1050613897e-4 | 0.10318470 -0.03086598 0.06510227 0 -0.24559807 -0.34450523 -1.70476888 1 -1.39215187 0.83441084 0.67146406 1 4.42728413 -5.88310195 7.68163928 0 3.28531860 -7.13996600 8.36623432 1 5.48075148 -5.41129855 9.10291270 1
224 9.976992 6.2822459029e-4 6.2445572354e-4 | 0.11140741 0.05692718 -0.01363017 0 -1.54651819 0.83113309 0.05233031 1 -0.22174288 -1.73468260 0.16400803 1 -9.32747480 2.30185005 2.84548970 0 -7.81989428 2.07625561 1.83120620 1 -10.61866555 2.76828613 1.63401380 1
225 6.648592 -1.4564171042e-3 -8.0426806861e-4 | 0.10909964 0.05127005 0.03614895 0 -1.41643558 0.91246496 -0.49634376 1 -0.31519650 -1.72622438 -0.07741328 1 3.90168935 2.35447659 -4.82315821 0 4.10652805 2.71200968 -6.60716328 1 2.17945206 1.74945597 -4.68082473 1
226 9.465841 2.1405729667e-4 2.2300224040e-4 | 0.02343141 -0.03167389 -0.11952334 0 -0.44599894 1.61179945 0.53705371 1 0.07409501 -1.10907072 1.36002365 1 7.74747226 5.02417771 1.71250476 0 8.09240850 6.79837581 2.00525548 1 7.92271725 4.25368973 3.36418497 1
227 6.294580 5.7827944636e-4 1.2945353792e-3 | -0.11319125 -0.03452203 -0.04282599 0 1.32507823 0.55201885 -1.01226581 1 0.47149605 -0.00408432 1.69200090 1 -2.88638320 -1.41054413 -5.38110530 0 -1.22183208 -2.15973052 -5.52411654 1 -4.03148641 -2.83484739 -5.49294840 1
228 5.959306 2.8117265418e-3 4.2419676154e-3 | -0.04697478 0.10213544 0.05656693 0 1.68645001 -0.48752275 0.05871222 1 -0.94086521 -1.13357343 -0.95654388 1 -0.73511112 -1.13452144 -5.76254563 0 -1.49793305 -2.16218657 -4.45316792 1 -0.86028446 -2.16364368 -7.27173385 1
229 8.613310 -1.9457440274e-5 8.2802252024e-6 | -0.12432472 0.00303177 -0.01929425 0 0.82686179 -1.18336187 1.00059655 1 1.14642315 1.13524160 -0.69435778 1 -8.35545947 1.75965779 -0.73292568 0 -9.64810622 2.95632159 -0.23340288 1 -7.95610016 0.85905924 0.81039685 1
230 5.535460 1.6595592861e-3 4.0622164138e-3 | -0.06569242 0.10723224 0.00488358 0 0.32278590 -1.03727038 1.38026034 1 0.71988574 -0.66472224 -1.45777266 1 4.55632999 1.22295314 -3.12110987 0 3.08823676 2.17505695 -2.58197769 1 4.05658108 -0.52679108 -2.91848653 1
231 7.889190 2.9243627490e-4 5.7630400829e-4 | -0.03814460 -0.10334747 0.06084723 0 -1.06930112 1.13438116 -0.80932917 1 1.67473315 0.50595237 -0.15643952 1 3.49370345 5.04728555 -5.03876411 0 2.38682339 6.08857938 -6.06003126 1 2.36081954 3.88865183 -4.18638393 1
232 4.804433 1.1687327234e-2 1.4349068064e-2 | 0.05977372 -0.01121848 0.11017869 0 -0.58596008 1.51484876 -0.66867273 1 -0.36276983 -1.33678882 -1.08008610 1 -1.32921401 -2.63821953 3.68432633 0 -2.16708549 -4.21766275 3.28961965 1 -2.54139892 -1.73148459 4.71430184 1
233 6.154784 1.5356553004e-4 1.0744157373e-3 | -0.09974407 0.00297098 0.07668369 0 0.20277523 -1.12727670 -1.33167888 1 1.38036508 1.08012129 0.11455346 1 -0.25061980 5.07158270 -3.29338913 0 0.91902503 5.97752676 -2.21465875 1 -0.97250609 6.36978893 -4.36388003 1
234 5.564731 -2.1531454155e-3 -1.6576632312e-4 | 0.01104919 0.09798915 -0.07819296 0 -0.67888011 0.08476845 1.61776862 1 0.50350713 -1.64005453 -0.37668816 1 3.02153915 -0.00858792 -4.79863901 0 3.21635088 -0.65207034 -3.09557070 1 2.33300132 1.67223280 -4.56805845 1
235 6.768119 -2.9033936815e-3 -2.2829204853e-3 | -0.02122764 -0.09925415 0.07440495 0 1.26290630 1.19241305 0.26164476 1 -0.92598075 0.38295122 -1.44260191 1 0.39165508 -5.65866621 -3.75441162 0 0.98160435 -5.61744414 -2.02157479 1 1.88603163 -5.29217553 -4.74684970 1
236 10.930827 1.2862733344e-4 1.2515999113e-4 | -0.04725478 0.05394846 -0.10341492 0 -0.69729034 0.13832418 1.60620416 1 1.44731927 -0.99459548 0.03519989 1 -9.99896129 2.82820775 -3.58259024 0 -10.36832166 1.27106195 -2.69302140 1 -9.33582927 3.93944077 -2.28728057 1
237 7.535174 -3.4069541299e-3 -3.0714388362e-3 | 0.02616879 0.10340114 -0.06679442 0 -1.23515947 -0.09879537 1.24493364 1 0.81980781 -1.54239005 -0.18477108 1 0.96617586 6.88936080 -3.17452253 0 1.64657591 7.15451215 -1.49547118 1 0.20145080 5.22777626 -3.09241011 1
238 9.955853 -7.6128206983e-4 -7.4571591793e-4 | 0.00864091 -0.12232302 -0.02829327 0 -1.46418124 0.79569259 0.55523490 1 1.32703245 1.14582130 -0.10616340 1 -4.92216160 -8.45287423 -2.32913641 0 -6.30021028 -7.24844766 -2.38206414 1 -3.44454117 -7.46488000 -2.76835764 1
239 7.336108 -4.8439604781e-4 -1.0723645883e-4 | -0.07157256 0.08877442 0.05324064 0 1.41910120 0.31883797 -0.98475039 1 -0.28309980 -1.72786772 0.13971361 1 -0.07308869 -3.83463951 -6.25057580 0 1.19854932 -5.04371287 -6.77358751 1 -0.66080389 -4.47000928 -4.63709938 1
240 6.690196 -3.8544945377e-3 -2.9118060934e-3 | -0.01934214 -0.02167431 0.12245081 0 0.80525669 1.42022369 -0.64789315 1 -0.49825773 -1.07620859 -1.29564909 1 -1.74275645 -2.09675521 -6.09765304 0 -0.57004400 -0.81044766 -6.66565067 1 -0.79537252 -3.65808541 -6.22850305 1
241 8.204726 4.9206749144e-4 5.2808160345e-4 | 0.02587721 0.12267019 0.01097678 0 1.19840565 -1.28277520 0.05958919 1 -1.60912927 -0.66424905 -0.23381288 1 -0.15459014 8.08877317 -0.49814435 0 0.05827057 9.77618327 -1.17623016 1 0.31362217 8.25030775 1.26455070 1
242 7.445841 6.7729612165e-4 8.9128050963e-4 | 0.00640360 0.12186184 -0.03076983 0 0.96902840 -1.26774187 -0.73420277 1 -1.07066642 -0.66645214 1.22258220 1 -3.72620687 0.20493692 -6.31364652 0 -5.43063169 -0.42866090 -6.52801235 1 -2.91481504 -0.13556367 -7.91929676 1
243 9.105823 -1.2690797566e-3 -1.2142947985e-3 | -0.03309965 -0.01555555 0.12041816 0 0.41958576 1.54185510 -0.72929405 1 0.10577270 -1.29495704 -1.18198589 1 -8.52389575 -1.34438410 3.25621719 0 -7.18282619 -1.75847371 4.43202547 1 -7.70352331 -1.34792178 1.61933400 1
244 5.826062 -3.3962896533e-3 -1.5503218467e-3 | -0.03018534 0.03696595 0.11644939 0 1.15335846 -1.26990415 -0.37728890 1 -0.67425597 0.68317969 -1.47099853 1 -1.93649815 3.92450385 -3.82049525 0 -3.60173800 3.33734393 -4.30493550 1 -0.80352744 3.06371465 -4.97281004 1
245 7.631129 -2.3603066430e-3 -2.0461084767e-3 | -0.11870137 -0.03987659 -0.01256733 0 1.42147621 -0.96047085 -0.37701502 1 0.46255477 1.59339308 0.57648403 1 -3.03252641 4.42532643 5.50066754 0 -4.78128687 4.89932510 5.23680202 1 -2.77590610 3.00712135 4.37139769 1
246 7.554626 -7.7889127975e-4 -4.3612240869e-4 | 0.12150946 0.02647104 -0.01930884 0 -0.73850807 -0.20557906 1.58037409 1 -1.19009297 -0.21456989 -1.27390374 1 0.24347389 -5.33435029 5.39553614 0 -0.56930843 -4.76245061 3.85775249 1 0.95329932 -6.96228638 4.95013519 1
247 6.897469 -2.6782441071e-3 -2.1011850664e-3 | 0.10846861 0.06368843 -0.00405461 0 -0.49994018 -1.03767975 1.32609191 1 -1.22167624 0.02681550 -1.26173704 1 -1.12710117 -5.89647366 -3.32793958 0 -0.87526787 -7.30072668 -2.18028269 1 0.49126769 -5.70164788 -4.16180717 1
248 7.727662 -2.7907728687e-3 -2.5555733007e-3 | 0.10926094 -0.00682731 0.06207681 0 -1.58240887 -0.18171226 0.74040666 1 -0.15178342 0.29007541 -1.72569126 1 6.97836335 3.38580200 -0.41715227 0 7.62341431 4.19800897 1.09171882 1 5.90591704 2.04452520 0.21786386 1
249 9.699772 -1.0524544077e-3 -1.0286389405e-3 | -0.08069510 0.03234095 -0.09099703 0 -0.41760289 -0.95996042 1.41043363 1 1.69839747 0.44664403 0.03387338 1 -1.74098547 4.07270077 -8.70035616 0 -2.86833511 5.50740374 -8.54812918 1 -1.36612186 3.60990047 -6.96896851 1
250 10.710698 -3.3216842860e-4 -3.2723104545e-4 | 0.04426860 0.09649815 -0.06757583 0 0.09568426 -1.68565583 -0.48440494 1 -0.79831656 0.15403485 1.55697020 1 -2.08080469 -9.93539356 3.46072745 0 -0.95780199 -10.33746758 2.07160387 1 -3.74336616 -9.88731672 2.69522891 1
251 9.339455 -9.5423043106e-4 -9.0754457992e-4 | 0.00194383 -0.12332092 0.02502534 0 1.30125630 0.88035129 -0.78546346 1 -1.33210888 1.07700132 0.38826066 1 6.95483647 5.62320038 -2.69048883 0 7.47144039 4.46993106 -1.36551594 1 6.86360150 7.25171264 -1.85860299 1
252 9.568437 2.8732552256e-4 2.9271066708e-4 | -0.04689156 -0.03365311 0.11183356 0 1.71276217 0.08650011 -0.37974027 1 -0.96849820 0.44764279 -1.39528471 1 8.77785876 -3.67601546 1.35904735 0 9.93222520 -2.92531546 2.56584084 1 7.34030976 -2.54212260 1.34680463 1
253 9.174120 -1.3412386834e-3 -1.2880029136e-3 | 0.06677010 -0.04446240 0.09696878 0 -1.67541523 -0.41075444 -0.33091357 1 0.61563863 1.11646276 -1.20817724 1 2.49652023 4.24123167 7.87666828 0 3.22398025 5.15180729 6.46453625 1 2.08356918 2.59650318 7.18619768 1
254 10.245253 4.7162943856e-4 4.6594900269e-4 | 0.06807248 -0.09665246 -0.04315711 0 0.17966981 0.71515893 1.59421004 1 -1.26011780 0.81891118 -0.90921937 1 3.79917451 4.41622535 8.50826129 0 3.13157399 3.14206973 9.64108955 1 2.43135428 4.73428003 7.33339148 1
255 7.170036 -2.1890051086e-3 -1.6708293176e-3 | -0.09782907 0.07746217 0.01634566 0 1.68063849 0.44833575 0.24431231 1 -0.12789314 -1.67781720 -0.50375097 1 -2.94881295 -6.53436119 0.43044893 0 -1.75487384 -7.71366238 -0.30182219 1 -2.12901614 -5.95800581 1.96281890 1
256 5.388427 8.5804313395e-4 3.3657008202e-3 | 0.11499416 0.05103811 -0.00309063 0 -0.42433954 -1.45265134 0.89161608 1 -1.40085043 0.64257330 -0.84256150 1 -3.10951915 1.43306533 -4.06424038 0 -4.21025892 1.82038167 -2.65327586 1 -3.65618197 2.57453297 -5.38735088 1
257 7.354712 -1.0244385056e-3 -4.8157675538e-4 | 0.04560668 0.04432936 -0.10859574 0 -0.05898986 0.90712614 1.50295760 1 -0.66488047 -1.61072285 0.22067653 1 -5.86437570 2.84385011 3.62516200 0 -4.81871830 2.14124098 2.29647697 1 -4.66685238 3.39238949 4.89695306 1
258 5.529435 1.5627897217e-4 2.6500291622e-3 | -0.02531500 -0.06225634 -0.10640205 0 -1.08162999 0.09960593 1.38036025 1 1.48343021 0.88852813 0.30845557 1 3.13726292 1.96147512 -4.23606025 0 2.16231287 1.68373230 -2.71133267 1 2.61646192 0.60917106 -5.35518941 1
259 9.254071 -7.2887593755e-4 -6.9864730281e-4 | 0.00693136 0.12442732 -0.01754689 0 0.65095832 -1.20198628 -1.10305097 1 -0.76097303 -0.77292717 1.38155561 1 -6.56976048 5.88196005 3.19091768 0 -5.73341357 4.38519328 3.83331627 1 -6.06283834 5.96072182 1.43329526 1
260 5.445564 -6.5707610270e-4 1.3778495770e-3 | 0.01338840 0.11857308 -0.03999088 0 -1.52083151 -0.87831043 0.02968980 1 1.30833053 -1.00368439 0.60504639 1 -0.55715161 0.83926061 -5.41298689 0 -1.55431395 -0.67713661 -5.65520498 1 0.87617579 0.28084726 -4.41993245 1
261 7.331233 -1.1794293975e-4 1.9998357577e-4 | 0.00989054 0.05162488 -0.11434660 0 0.04049936 0.89884227 1.50853623 1 -0.19748229 -1.71823367 0.30637569 1 5.66970731 -1.37023024 4.37567659 0 7.12333606 -2.48351577 4.37102223 1 4.26186027 -2.47086729 4.77439307 1
262 7.763560 -2.0722746484e-3 -1.8669732840e-3 | 0.07325113 -0.10228652 0.00313621 0 -1.40844827 0.18853273 -1.03245729 1 0.24580452 1.43496130 0.98267923 1 0.94437396 -2.81744533 -7.20766380 0 2.52069590 -2.73200243 -6.28010165 1 0.25043464 -4.45296041 -6.76500288 1
263 10.968318 -4.8327016937e-4 -4.7751947200e-4 | -0.06412760 -0.09823469 -0.04555977 0 -0.06210508 0.54637658 1.66818907 1 1.07993991 1.01280672 -0.94506328 1 0.72425315 5.05720853 -9.64403236 0 -0.46328098 4.09331334 -10.65057677 1 -0.03959192 6.71612013 -9.51379014 1
264 9.939231 -7.6710118890e-5 -7.3455217290e-5 | -0.05143848 0.01660609 -0.11365041 0 -0.90053540 -0.04134739 1.50750309 1 1.71696818 -0.22222484 0.29635898 1 -8.73420131 3.06367179 -3.79564417 0 -7.37453571 4.25803040 -3.51765160 1 -9.33121823 2.66233710 -2.11192469 1
265 4.278644 2.0814504255e-2 2.5596172229e-2 | 0.08513435 0.06136181 0.06946198 0 -0.89353669 -1.41439708 0.53508156 1 -0.45771774 0.44046105 -1.63758383 1 -4.20810992 -0.23638953 -0.14868202 0 -3.75625705 -0.82229485 1.52613344 1 -5.68727237 -1.22286413 -0.58612502 1
266 9.712899 -5.1106545745e-4 -4.9817679545e-4 | -0.09631459 -0.07707484 0.02492118 0 -0.03383480 1.74284858 0.21580829 1 1.56254222 -0.51951486 -0.61135782 1 -4.97614666 -6.86742484 4.81108367 0 -4.23276223 -8.53787302 4.71389652 1 -3.54012865 -5.74629455 4.99364645 1
267 7.832913 -3.7650010739e-4 -2.0354190048e-4 | -0.09181297 0.08462290 0.01573022 0 0.16923502 -1.47591866 0.93715677 1 1.28802266 0.13278205 -1.18682721 1 -6.97755396 1.80735384 -3.19432542 0 -7.38246291 0.69918601 -1.79415554 1 -6.17671365 0.70831698 -4.42036899 1
268 7.895101 -1.5375234091e-3 -1.3552230828e-3 | -0.02577567 0.10882404 0.05771515 0 -0.21877005 -1.58784389 0.71842232 1 0.62788217 -0.13941391 -1.63447851 1 -2.51343492 3.75245039 6.58452951 0 -1.03834530 4.82876092 6.44988498 1 -1.99020603 2.17466706 5.81690897 1
269 6.379563 -5.7642060257e-3 -4.5930730480e-3 | -0.00761749 -0.10700831 0.06579735 0 0.95369627 1.39728173 0.47255304 1 -0.83279130 0.30115676 -1.51689008 1 -3.29479765 3.27652670 -4.25240590 0 -4.17859354 4.69458314 -3.50375135 1 -4.61433396 2.30510554 -5.06945847 1
270 8.194581 -1.5714813340e-3 -1.4321726892e-3 | -0.12045176 -0.01275266 0.03415902 0 1.34860432 0.11656626 1.11933815 1 0.56320890 0.08584433 -1.66151098 1 0.31834065 -2.93626286 -7.55888896 0 2.09654925 -3.29096574 -7.81309932 1 -0.52243545 -4.49283382 -8.03068599 1
271 4.677197 7.9274056696e-3 1.1003754201e-2 | -0.06514544 -0.08422504 -0.06708436 0 1.74456130 -0.01904588 0.20342642 1 -0.71057140 1.35586772 0.86133807 1 1.54944700 0.17789275 -4.31203206 0 0.75347854 -1.40297940 -4.78079676 1 3.02757458 0.27341502 -5.38833331 1
272 8.506726 -1.3804518615e-3 -1.2314118615e-3 | 0.08194117 -0.01885781 0.09363826 0 -1.12216225 1.34837212 -0.08879025 1 -0.17841001 -1.04906056 -1.39743839 1 -1.32403805 -3.86276867 -7.50399704 0 -0.20758193 -2.57913018 -8.18094671 1 -0.21498591 -4.96797228 -6.55481931 1
273 6.593770 -1.5886254711e-3 -8.9218263204e-4 | 0.00197008 0.07359027 -0.10207197 0 0.89772683 -1.50048508 0.16694386 1 -0.92899595 0.33245859 1.45314489 1 5.55448090 -1.49045127 -3.23108667 0 5.43560172 -0.67734064 -1.59487711 1 6.54062033 -2.99986840 -2.91234072 1
274 9.077666 -6.2332244900e-4 -5.7479869855e-4 | -0.05489379 -0.10054871 0.05210302 0 -0.20930104 1.65276154 0.55660720 1 1.08057654 -0.05685001 -1.38358761 1 -7.48777380 4.89979104 -1.59211662 0 -7.18758415 5.20309267 0.18843306 1 -8.63305959 3.47148336 -1.61795605 1
275 6.461384 -1.0639734030e-3 2.1114896924e-5 | -0.00187258 -0.12387869 0.02210564 0 1.45800196 0.95004404 -0.23850747 1 -1.42828033 1.01616150 -0.11235377 1 1.20968681 0.08696499 -6.42970969 0 2.91306804 -0.56691155 -6.27673681 1 0.89470928 0.90158349 -4.82048755 1
276 6.711491 -4.3508162402e-4 5.8100692257e-5 | 0.06425022 0.06631750 0.08551020 0 0.61696586 -0.45549948 -1.58022547 1 -1.63674681 -0.59709352 0.22300553 1 -4.68739670 0.33897475 4.65524884 0 -5.92508104 1.04903816 5.80259810 1 -5.55289285 -1.07606684 3.88001744 1
277 5.286970 -5.2596240179e-3 -2.3979005755e-3 | 0.04283496 0.00266483 0.11830537 0 0.55903720 1.05460933 -1.28861001 1 -1.23891474 -1.09690552 -0.58913565 1 0.00055202 4.61910038 -2.49495099 0 -0.30110532 6.41093449 -2.72033124 1 -1.23002334 4.11070145 -1.23811972 1
278 7.968025 -1.9810865535e-3 -1.8363289534e-3 | 0.08849745 -0.08918113 -0.00728174 0 -0.77232863 0.52143105 1.48891146 1 -0.63230499 0.89405394 -1.37333543 1 3.38211084 7.14246995 -0.41574543 0 4.29521997 5.84703641 0.50106782 1 4.40495711 8.64664289 -0.20679730 1
279 8.750461 -3.4597990575e-4 -2.6357159726e-4 | 0.11533818 -0.04335093 -0.02561046 0 -0.78296009 -0.11029133 1.56845418 1 -1.04769032 0.79835838 -1.16196435 1 -5.36956479 -2.73868795 -6.50028212 0 -3.97303276 -3.79592373 -5.96697763 1 -4.81151771 -1.03512004 -6.12765649 1
280 9.622622 -8.2363334822e-4 -8.0266728905e-4 | -0.09571881 0.07717173 0.02684266 0 -0.00814332 -1.73470783 0.27561136 1 1.52739461 0.50983626 -0.70165873 1 -3.82079107 8.10968947 3.65095498 0 -3.12610067 9.61286913 2.86972579 1 -2.59559927 6.80150774 3.27682178 1
281 10.886632 -4.0769592820e-4 -4.0251604992e-4 | -0.02440378 -0.12320094 -0.00800505 0 -0.90374293 1.13490192 0.99019470 1 1.29108027 0.82054628 -0.86313834 1 4.00886774 9.37743119 -3.77013755 0 2.34028852 10.09842639 -3.99030160 1 4.54598713 9.98072250 -2.12698436 1
282 10.917295 -3.1485307871e-4 -3.1141092273e-4 | 0.11751931 0.01129676 0.04358545 0 -0.96681506 -1.46289827 0.10215903 1 -0.89845420 1.28359587 -0.79394832 1 -0.65885013 7.46779839 -7.78438167 0 -1.48451300 6.46314738 -9.07334251 1 -0.30771611 9.06209777 -8.61343200 1
283 6.514918 -1.3809970551e-3 -6.9383257890e-4 | -0.00021605 -0.05068675 0.11519072 0 -0.25384573 -0.89924118 -1.48733549 1 0.25727490 1.70374245 -0.34097443 1 3.62594010 1.72533268 5.17867884 0 4.42510638 3.08543350 4.24920484 1 4.18474943 0.20657792 4.32221743 1
284 9.514573 -6.7023602057e-5 -4.5723516322e-5 | -0.07255079 -0.00487624 -0.10271661 0 0.27548283 1.44455249 0.96052929 1 0.87604498 -1.36715663 0.66979116 1 -4.86478791 4.92790292 6.61084998 0 -4.22955517 3.39803086 5.83082836 1 -3.78366298 5.17167820 8.06829724 1
285 8.529067 -1.6455332626e-3 -1.5569014261e-3 | 0.08388719 0.00135637 -0.09380403 0 0.37017380 -0.41982365 1.66492002 1 -1.70163331 0.39829528 -0.17606028 1 3.83021368 0.48123317 7.46848505 0 5.41137871 1.19817800 8.05018099 1 3.33692115 -0.66553266 8.80788813 1
286 8.735579 2.1804825226e-4 3.0796586465e-4 | -0.10299588 0.04703980 -0.05492906 0 0.17679408 -1.66495495 0.53095016 1 1.45795904 0.91833818 0.34088515 1 5.61241504 4.20114462 5.29052504 0 4.26500222 3.12889066 4.66826061 1 6.15745451 3.38635242 6.83695826 1
287 9.579187 -3.2718348369e-4 -3.1913759804e-4 | 0.05863499 -0.07096696 -0.08581215 0 -0.00652884 1.75645594 0.00768703 1 -0.92412715 -0.63006667 1.35432539 1 -3.49035636 -8.32068213 -3.27025208 0 -3.72929218 -6.58021985 -2.75434163 1 -5.18271912 -8.91875488 -3.63167607 1
288 7.606401 -1.7601500052e-3 -1.4405069990e-3 | 0.00808945 0.09634032 0.08056798 0 1.05786500 -1.40216034 0.01035434 1 -1.18626101 -0.12695551 -1.28913124 1 6.85967477 1.05551845 -3.18576996 0 8.43981792 0.33143445 -2.61017211 1 5.72992610 0.86172163 -1.75800220 1
289 6.221973 -2.4382856493e-3 -1.2432120173e-3 | 0.05794883 0.00162119 0.11170229 0 0.81377506 0.14785671 -1.54956372 1 -1.73354025 -0.17358831 -0.22337764 1 2.42400590 -5.75443577 -1.05280151 0 1.34565156 -4.72429856 -2.11507837 1 1.81933647 -5.43492008 0.64563737 1
290 5.359733 -1.6854550077e-3 4.5918845827e-4 | -0.10243716 -0.06774189 -0.02749107 0 0.22352918 1.68970666 -0.42445881 1 1.40235593 -0.61450571 0.86079779 1 0.77474237 1.04359454 5.18731606 0 -0.42868001 0.00863101 6.10005257 1 -0.18404001 2.52625368 4.70268396 1
291 10.792189 2.5312708331e-5 2.3357144784e-5 | -0.08692905 0.03352411 -0.08460242 0 -0.22117534 -1.24424499 1.21990781 1 1.60091534 0.71214955 0.12290386 1 -0.94043043 -9.90214385 4.09051579 0 -1.03717969 -8.54232902 5.31281120 1 -2.20054767 -11.10453756 4.65510761 1
292 7.521426 -2.8010726664e-3 -2.4884117194e-3 | 0.07506764 -0.05692165 0.08344381 0 -0.51500534 1.67627963 0.10047539 1 -0.67647010 -0.77281778 -1.42489759 1 -2.45222563 5.53055482 -4.27867095 0 -2.88058931 4.71403335 -5.86052433 1 -3.29347004 7.15431814 -4.36872966 1
293 8.347687 -1.0656984817e-3 -9.5617226198e-4 | -0.00982503 -0.08161130 0.09529513 0 -0.69416822 1.61347228 -0.00876697 1 0.85011126 -0.31813582 -1.50375952 1 -6.68028428 1.92581219 -4.49445427 0 -6.08362587 0.86699373 -5.86389396 1 -8.44061344 1.46084084 -4.30092662 1
294 6.309231 -1.1769341020e-3 -3.2146341947e-4 | 0.05326506 -0.03664690 -0.10797191 0 -0.00497087 1.65025562 0.60155705 1 -0.84045337 -1.06859510 1.11217575 1 3.26687647 0.24884412 -5.44103508 0 2.31306087 -0.94973874 -6.44407935 1 2.01199731 1.45024933 -4.86283627 1
295 5.813882 -2.5063422710e-3 -1.2798227340e-3 | -0.03326440 -0.04918546 0.11096110 0 1.46266421 -0.41644553 -0.87887753 1 -0.93469092 1.19711834 -0.88229974 1 -5.09099452 1.16327048 2.44752338 0 -6.16225941 -0.15677035 3.12748414 1 -4.09719382 1.71885717 3.88143190 1
296 5.615465 2.0319162080e-3 4.2756591709e-3 | -0.00025196 -0.09054387 -0.08740618 0 -0.22242860 -0.27245741 1.72091013 1 0.22642765 1.70957180 -0.33359710 1 1.69689680 -4.91422827 2.35454642 0 1.12724883 -5.89255960 0.91550789 1 0.88921437 -3.28527458 2.13874790 1
297 8.335696 -2.0226052440e-3 -1.9027270442e-3 | -0.06182213 -0.04283496 0.10090236 0 -0.59223822 -0.09918445 -1.65065306 1 1.57348062 0.77906187 0.04912840 1 -4.02399056 -6.92972702 2.66402073 0 -4.66565096 -5.27931839 3.12973115 1 -2.20567189 -6.71587033 2.64420751 1
298 10.492374 -2.8353777148e-4 -2.7819048746e-4 | 0.04237066 -0.01659966 0.11733403 0 -0.39304529 -1.30051185 -1.11329399 1 -0.27946287 1.56398213 -0.74903449 1 7.35433595 -7.25308384 -2.02361422 0 5.69672341 -7.02637728 -1.27971392 1 8.39913420 -7.81735489 -0.62991237 1
299 5.877406 -4.1854308651e-3 -2.3888979838e-3 | -0.09019417 -0.00513019 -0.08761728 0 1.35676493 1.11520283 -0.02739978 1 0.07479915 -1.03377640 1.41806337 1 4.59392088 3.15921291 -1.80652509 0 5.70362953 2.17256707 -0.73529235 1 4.26916856 4.67907278 -0.83855198 1
