# the pairs of the ten trimers (centre molecule and its two nearest, 298 K snapshot), counterpoise, GPU final non-local energy: index centroid_separation_bohr E_int_pbe_x E_int_revpbe_x (hartree) | then x y z type for each atom of the first molecule and of the second (bohr)
0 5.181203 -3.0743268161e-4 1.9803177520e-3 | -0.23830480 -1.67047807 -27.68187754 0 -1.41806336 -0.33392463 -28.09931919 1 -0.60452936 -2.98933787 -28.89797723 1 -0.74999842 -7.07059104 -29.06279911 0 -2.28694676 -6.62855650 -28.17125094 1 -0.99038606 -6.38147520 -30.74200820 1
1 5.273440 -2.6093922515e-3 -1.0588092954e-3 | -0.23830480 -1.67047807 -27.68187754 0 -1.41806336 -0.33392463 -28.09931919 1 -0.60452936 -2.98933787 -28.89797723 1 -5.46200644 -2.62927119 -30.82337867 0 -5.42433827 -1.13911528 -31.88661869 1 -5.46846402 -1.96423631 -29.11747805 1
2 6.434846 -3.5525439467e-3 -2.7807231297e-3 | -0.74999842 -7.07059104 -29.06279911 0 -2.28694676 -6.62855650 -28.17125094 1 -0.99038606 -6.38147520 -30.74200820 1 -5.46200644 -2.62927119 -30.82337867 0 -5.42433827 -1.13911528 -31.88661869 1 -5.46846402 -1.96423631 -29.11747805 1
3 5.693888 -3.4932491003e-3 -2.3626106956e-3 | 21.88727230 6.65725589 -12.21713146 0 23.51859484 7.47993237 -12.33735243 1 21.79979278 6.08410230 -10.48039535 1 25.94880365 1.84509287 -10.63890568 0 24.96823171 2.23069666 -12.13632055 1 27.24057223 3.14213593 -10.60117927 1
4 5.900645 -3.8836924619e-3 -2.0603328481e-3 | 21.88727230 6.65725589 -12.21713146 0 23.51859484 7.47993237 -12.33735243 1 21.79979278 6.08410230 -10.48039535 1 23.96793837 11.51948627 -14.06735002 0 23.85564600 10.70170347 -15.70169533 1 22.78361062 12.91137094 -14.17886194 1
5 10.263161 -3.6430213224e-4 -3.5787543918e-4 | 25.94880365 1.84509287 -10.63890568 0 24.96823171 2.23069666 -12.13632055 1 27.24057223 3.14213593 -10.60117927 1 23.96793837 11.51948627 -14.06735002 0 23.85564600 10.70170347 -15.70169533 1 22.78361062 12.91137094 -14.17886194 1
6 4.925891 -2.0968834031e-4 2.2188558182e-3 | 3.69040029 21.77602846 -8.64290880 0 2.97533602 21.10109653 -10.18745172 1 5.47975733 21.92230157 -9.00237455 1 5.97632281 16.63598419 -10.00677154 0 7.35843603 16.58273116 -8.80702571 1 5.25085320 18.30213541 -9.78306636 1
7 5.056181 -2.0657198043e-3 4.7992105294e-4 | 3.69040029 21.77602846 -8.64290880 0 2.97533602 21.10109653 -10.18745172 1 5.47975733 21.92230157 -9.00237455 1 6.46304412 21.31631529 -13.16055588 0 8.15547779 21.84167736 -12.69998463 1 6.69225975 19.65449906 -13.89420229 1
8 5.368902 -5.5358724279e-3 -3.5359737493e-3 | 5.97632281 16.63598419 -10.00677154 0 7.35843603 16.58273116 -8.80702571 1 5.25085320 18.30213541 -9.78306636 1 6.46304412 21.31631529 -13.16055588 0 8.15547779 21.84167736 -12.69998463 1 6.69225975 19.65449906 -13.89420229 1
9 4.746020 8.0680301608e-4 3.6677466073e-3 | 28.08590307 37.69142269 3.10731531 0 26.38017241 38.34942907 3.20718227 1 29.04924163 38.76700977 4.23314891 1 29.80594330 39.36032025 -1.45323164 0 28.45432130 38.19022440 -1.05768575 1 29.84431165 40.50285874 -0.02300659 1
10 4.813969 4.7100038180e-3 7.5813807554e-3 | 28.08590307 37.69142269 3.10731531 0 26.38017241 38.34942907 3.20718227 1 29.04924163 38.76700977 4.23314891 1 31.43864481 41.63306259 3.26939382 0 31.92922773 41.17325801 4.97244139 1 29.89459879 42.59209115 3.48983918 1
11 5.618030 -2.5486100206e-3 -2.4747821230e-4 | 29.80594330 39.36032025 -1.45323164 0 28.45432130 38.19022440 -1.05768575 1 29.84431165 40.50285874 -0.02300659 1 31.43864481 41.63306259 3.26939382 0 31.92922773 41.17325801 4.97244139 1 29.89459879 42.59209115 3.48983918 1
12 5.432352 -2.3847274724e-3 3.0481238504e-4 | 22.81142737 20.51999307 -0.81172310 0 23.25789823 21.59073077 0.60483874 1 22.33738377 21.69622635 -2.13239262 1 19.75276240 21.99585627 -4.77864997 0 19.47210828 23.72839625 -4.25711246 1 18.07783894 21.25661120 -4.80227611 1
13 5.438009 -5.5306006701e-3 -3.2535870391e-3 | 22.81142737 20.51999307 -0.81172310 0 23.25789823 21.59073077 0.60483874 1 22.33738377 21.69622635 -2.13239262 1 20.64982046 18.88850508 3.88904498 0 18.85947608 19.00230240 3.52273902 1 21.36057424 18.07668075 2.40979505 1
14 8.780006 -6.3925475601e-4 -5.8992661337e-4 | 19.75276240 21.99585627 -4.77864997 0 19.47210828 23.72839625 -4.25711246 1 18.07783894 21.25661120 -4.80227611 1 20.64982046 18.88850508 3.88904498 0 18.85947608 19.00230240 3.52273902 1 21.36057424 18.07668075 2.40979505 1
15 5.413271 -1.3787664722e-3 8.1595517601e-4 | -2.34153458 -10.52988022 0.90122817 0 -1.71374255 -11.94171367 1.88360608 1 -1.14223360 -9.18571527 1.22880684 1 -5.92527866 -10.08367133 5.19217153 0 -4.26807954 -10.29655731 4.44328334 1 -6.18724482 -11.62262602 6.14893808 1
16 5.435294 -3.8391792803e-3 -1.9150790467e-3 | -2.34153458 -10.52988022 0.90122817 0 -1.71374255 -11.94171367 1.88360608 1 -1.14223360 -9.18571527 1.22880684 1 2.07446087 -12.38656136 -2.68653384 0 3.56483603 -11.33817478 -2.50728444 1 0.87250895 -11.66419497 -1.50928772 1
17 10.755957 3.3036614411e-4 3.2187269885e-4 | -5.92527866 -10.08367133 5.19217153 0 -4.26807954 -10.29655731 4.44328334 1 -6.18724482 -11.62262602 6.14893808 1 2.07446087 -12.38656136 -2.68653384 0 3.56483603 -11.33817478 -2.50728444 1 0.87250895 -11.66419497 -1.50928772 1
18 5.322693 -6.8575201801e-3 -4.3957599126e-3 | 4.94587797 -5.81677805 6.38009747 0 3.57111218 -6.75406988 7.14427411 1 6.36730059 -6.96894141 6.44708526 1 3.68762145 -3.15820312 11.11715668 0 4.36699021 -3.56278444 9.46572248 1 1.92447082 -2.78162603 10.79793954 1
19 5.593550 -3.5171315002e-3 -1.5703356802e-3 | 4.94587797 -5.81677805 6.38009747 0 3.57111218 -6.75406988 7.14427411 1 6.36730059 -6.96894141 6.44708526 1 4.71617372 -11.26578831 5.60557921 0 3.07826726 -11.81929135 5.00278595 1 5.61124075 -12.82153875 5.96738804 1
20 10.154928 -6.1879388674e-4 -6.0312180732e-4 | 3.68762145 -3.15820312 11.11715668 0 4.36699021 -3.56278444 9.46572248 1 1.92447082 -2.78162603 10.79793954 1 4.71617372 -11.26578831 5.60557921 0 3.07826726 -11.81929135 5.00278595 1 5.61124075 -12.82153875 5.96738804 1
21 4.740972 -4.7033119532e-3 -1.3956935461e-3 | 23.98618574 14.90624064 1.56994701 0 25.41416099 13.76704949 1.44507473 1 22.62417959 14.01311559 0.73348007 1 21.91557253 15.56581278 -3.05194351 0 20.40285495 16.39646631 -2.44025479 1 23.27487894 16.36548786 -2.12177371 1
22 4.944351 -3.0299003748e-3 -7.3380724453e-4 | 23.98618574 14.90624064 1.56994701 0 25.41416099 13.76704949 1.44507473 1 22.62417959 14.01311559 0.73348007 1 20.89420082 10.46905379 -0.32555285 0 21.14739874 11.21045544 -1.98044780 1 22.50159294 9.68475277 0.06633044 1
23 5.941814 -5.1711956904e-3 -3.5654016815e-3 | 21.91557253 15.56581278 -3.05194351 0 20.40285495 16.39646631 -2.44025479 1 23.27487894 16.36548786 -2.12177371 1 20.89420082 10.46905379 -0.32555285 0 21.14739874 11.21045544 -1.98044780 1 22.50159294 9.68475277 0.06633044 1
24 5.083450 -6.4366604965e-4 9.4653607125e-4 | 6.46304412 21.31631529 22.03689721 0 8.15547779 21.84167736 22.49746846 1 6.69225975 19.65449906 21.30325080 1 10.18686025 16.18892047 21.14622331 0 9.12622925 16.80722252 22.50461477 1 11.08267830 17.67550757 20.56314628 1
25 8.920332 4.0085762457e-4 4.0683984722e-4 | 3.69040029 21.77602846 26.55454429 0 2.97533602 21.10109653 25.01000137 1 5.47975733 21.92230157 26.19507854 1 10.18686025 16.18892047 21.14622331 0 9.12622925 16.80722252 22.50461477 1 11.08267830 17.67550757 20.56314628 1
26 5.800635 -4.4201922646e-3 -2.7785580662e-3 | 36.65444449 7.27158891 19.87077097 0 36.74226486 7.07702071 18.05228432 1 36.74335539 5.55849609 20.51094117 1 34.46722799 3.37435233 16.21308497 0 35.35345994 2.00186986 15.38643651 1 33.25835222 3.94656392 14.96264373 1
27 5.986599 -5.6080763628e-3 -4.2035535455e-3 | 36.65444449 7.27158891 19.87077097 0 36.74226486 7.07702071 18.05228432 1 36.74335539 5.55849609 20.51094117 1 39.34123780 9.42795173 24.80158753 0 37.81100830 9.59946344 23.81090882 1 40.68869189 9.50446634 23.56428279 1
28 11.752122 -3.8805427967e-4 -3.8298102713e-4 | 34.46722799 3.37435233 16.21308497 0 35.35345994 2.00186986 15.38643651 1 33.25835222 3.94656392 14.96264373 1 39.34123780 9.42795173 24.80158753 0 37.81100830 9.59946344 23.81090882 1 40.68869189 9.50446634 23.56428279 1
