# index separation_bohr E_int_pbe_x E_int_revpbe_x (hartree) | then x y z type for each atom of the first molecule and of the second (bohr)
0 7.333009 -3.4831182229e-3 -3.1448311443e-3 | 0.04002026 -0.11164299 -0.04209889 0 -1.53771974 0.27129913 0.80439665 1 0.90251722 1.50070114 -0.13620208 1 -4.89013291 -5.07951581 -2.06041005 0 -3.19066721 -4.42496256 -2.24972267 1 -5.17491941 -6.04062293 -3.59259143 1
1 6.536135 8.1336136607e-4 1.3171302151e-3 | -0.06465105 -0.07931638 0.07326152 0 -0.43996798 0.42170753 -1.64737067 1 1.46611098 0.83720392 0.48456213 1 0.19041077 -3.18197891 5.60627531 0 0.13236080 -1.80092971 6.80702349 1 -0.95899852 -4.42791572 6.29830838 1
2 7.737387 1.4813988983e-5 1.6949744186e-4 | -0.01469284 -0.11727108 -0.04324015 0 -0.88249441 0.68205718 1.35692328 1 1.11569956 1.17927216 -0.67061459 1 3.27644060 -2.96570289 6.21139532 0 4.74052096 -1.97899168 6.69650622 1 3.54566082 -4.59153970 7.00925821 1
3 5.823864 -2.9234191223e-3 -1.2838488238e-3 | 0.03507558 -0.10133695 -0.06586823 0 -1.20365722 1.16589963 -0.52642809 1 0.64693682 0.44252280 1.57189013 1 -3.85230053 2.25756505 -3.57886763 0 -4.94025183 2.76215670 -2.19531707 1 -4.61306304 3.03075094 -5.05393848 1
4 5.158863 2.9425506367e-3 5.4171328855e-3 | 0.03328764 -0.11867819 0.02540700 0 -0.67786902 1.11972833 1.17129896 1 0.14952684 0.76393477 -1.57455951 1 3.84473991 -1.49311186 3.15652154 0 5.35862166 -1.73635649 2.15579331 1 3.23503257 0.15891082 2.65503568 1
5 9.643793 5.5408233314e-4 5.4542999112e-4 | 0.09119580 0.04526888 0.07397398 0 -1.44151744 -0.81945993 0.57944119 1 -0.00594452 0.10095126 -1.75355803 1 7.69844830 -1.10308796 -5.70104520 0 8.20546197 -1.10398515 -7.46041987 1 5.91778701 -0.67932093 -5.74661845 1
6 10.181129 -2.3120791010e-4 -2.2577207399e-4 | -0.00527422 -0.03994463 -0.11922544 0 0.63752436 1.55705039 0.50437682 1 -0.55381177 -0.92304824 1.38797216 1 -9.69126851 -1.07299563 -2.86463847 0 -10.83451412 0.22078871 -2.25506940 1 -8.86468276 -0.30046463 -4.30420850 1
7 6.928916 -3.7689240702e-3 -3.1672110120e-3 | 0.01966636 -0.00725154 -0.12409168 0 0.90507412 1.03187872 1.09604121 1 -1.21721901 -0.91678210 0.87354492 1 0.51940503 6.85649160 0.88904954 0 0.04418642 6.43079075 -0.82716983 1 -1.03362422 7.45862258 1.64927877 1
8 6.388346 -2.6951914443e-3 -1.7934828878e-3 | 0.08002934 -0.02782627 -0.09305428 0 -0.48892566 1.62772418 0.44351426 1 -0.78130200 -1.18606490 1.03344544 1 -5.93033823 1.46028613 1.63562117 0 -5.90915811 -0.36933706 1.56858943 1 -7.65797476 1.90521017 1.22364463 1
9 10.356096 -1.4585101231e-4 -1.4021278223e-4 | -0.03141524 -0.10934943 0.05379481 0 -0.75312143 1.54464407 0.36348592 1 1.25174481 0.19095263 -1.21731848 1 -7.59961603 -0.74192421 -7.10110844 0 -7.24898262 1.04770328 -6.93754638 1 -8.04932792 -1.26860428 -5.40618150 1
