# MP2 (Hartree-Fock + RI-MP2, frozen cores, counterpoise): index separation_bohr E_int_total E_int_hartree_fock (hartree) | then x y z type for each atom of the first molecule and of the second (bohr)
0 7.333009 -2.8360203024e-3 -2.6618171978e-3 | 0.04002026 -0.11164299 -0.04209889 0 -1.53771974 0.27129913 0.80439665 1 0.90251722 1.50070114 -0.13620208 1 -4.89013291 -5.07951581 -2.06041005 0 -3.19066721 -4.42496256 -2.24972267 1 -5.17491941 -6.04062293 -3.59259143 1
1 6.536135 1.9336539169e-3 2.8158618082e-3 | -0.06465105 -0.07931638 0.07326152 0 -0.43996798 0.42170753 -1.64737067 1 1.46611098 0.83720392 0.48456213 1 0.19041077 -3.18197891 5.60627531 0 0.13236080 -1.80092971 6.80702349 1 -0.95899852 -4.42791572 6.29830838 1
2 7.737387 6.3638091543e-4 9.1119559868e-4 | -0.01469284 -0.11727108 -0.04324015 0 -0.88249441 0.68205718 1.35692328 1 1.11569956 1.17927216 -0.67061459 1 3.27644060 -2.96570289 6.21139532 0 4.74052096 -1.97899168 6.69650622 1 3.54566082 -4.59153970 7.00925821 1
3 5.823864 -1.6567844534e-3 7.5667024191e-5 | 0.03507558 -0.10133695 -0.06586823 0 -1.20365722 1.16589963 -0.52642809 1 0.64693682 0.44252280 1.57189013 1 -3.85230053 2.25756505 -3.57886763 0 -4.94025183 2.76215670 -2.19531707 1 -4.61306304 3.03075094 -5.05393848 1
4 5.158863 4.7146101859e-3 7.3505210366e-3 | 0.03328764 -0.11867819 0.02540700 0 -0.67786902 1.11972833 1.17129896 1 0.14952684 0.76393477 -1.57455951 1 3.84473991 -1.49311186 3.15652154 0 5.35862166 -1.73635649 2.15579331 1 3.23503257 0.15891082 2.65503568 1
5 9.643793 7.6177701522e-4 9.0985194326e-4 | 0.09119580 0.04526888 0.07397398 0 -1.44151744 -0.81945993 0.57944119 1 -0.00594452 0.10095126 -1.75355803 1 7.69844830 -1.10308796 -5.70104520 0 8.20546197 -1.10398515 -7.46041987 1 5.91778701 -0.67932093 -5.74661845 1
6 10.181129 -1.1929581449e-4 -8.2874612417e-5 | -0.00527422 -0.03994463 -0.11922544 0 0.63752436 1.55705039 0.50437682 1 -0.55381177 -0.92304824 1.38797216 1 -9.69126851 -1.07299563 -2.86463847 0 -10.83451412 0.22078871 -2.25506940 1 -8.86468276 -0.30046463 -4.30420850 1
7 6.928916 -2.8565013444e-3 -2.5084466230e-3 | 0.01966636 -0.00725154 -0.12409168 0 0.90507412 1.03187872 1.09604121 1 -1.21721901 -0.91678210 0.87354492 1 0.51940503 6.85649160 0.88904954 0 0.04418642 6.43079075 -0.82716983 1 -1.03362422 7.45862258 1.64927877 1
8 6.388346 -1.4683556917e-3 -9.7463344305e-4 | 0.08002934 -0.02782627 -0.09305428 0 -0.48892566 1.62772418 0.44351426 1 -0.78130200 -1.18606490 1.03344544 1 -5.93033823 1.46028613 1.63562117 0 -5.90915811 -0.36933706 1.56858943 1 -7.65797476 1.90521017 1.22364463 1
9 10.356096 -2.0702024581e-5 1.8643036455e-5 | -0.03141524 -0.10934943 0.05379481 0 -0.75312143 1.54464407 0.36348592 1 1.25174481 0.19095263 -1.21731848 1 -7.59961603 -0.74192421 -7.10110844 0 -7.24898262 1.04770328 -6.93754638 1 -8.04932792 -1.26860428 -5.40618150 1
10 4.844462 1.4313824210e-2 1.7874321588e-2 | 0.08295871 -0.09399887 -0.01096180 0 0.41423794 1.65320725 0.42491398 1 -1.73096049 -0.16125490 -0.25092806 1 -1.43374796 -1.99536886 -4.16246333 0 -2.96569140 -2.14430509 -3.17078286 1 -1.76891604 -0.60094439 -5.30073078 1
11 7.658116 -3.8831257409e-4 -1.7498965049e-4 | -0.09216610 0.05055415 0.06919381 0 0.02391150 -1.66082281 -0.57125741 1 1.43895109 0.85842607 -0.52698833 1 1.62378749 4.11553880 -6.13687210 0 2.44609048 4.22917601 -7.76885471 1 2.40543691 5.44229016 -5.14633435 1
12 10.906265 -4.1094872447e-4 -4.1144724089e-4 | -0.01672520 -0.12262011 0.02286202 0 0.92285823 1.08984979 1.02264330 1 -0.65739549 0.85637954 -1.38550984 1 -5.08101500 -3.69869648 -8.82902134 0 -5.89215287 -4.49346190 -10.26528947 1 -3.66782529 -4.79799010 -8.44580023 1
13 6.011729 -5.3290471796e-3 -4.1205634638e-3 | -0.09019822 0.02973141 -0.08257372 0 -0.01137239 -1.43017265 1.01966468 1 1.44300069 0.95827494 0.29094745 1 -6.05880357 -0.10109591 0.62994189 0 -4.32158407 0.36681174 0.28995112 1 -6.18841158 -0.05223288 2.45565386 1
14 14.982437 2.1160000078e-4 2.4742203790e-4 | 0.07492234 0.08056115 -0.06111171 0 -1.74921435 -0.04875753 -0.15202319 1 0.56004520 -1.22991088 1.12198969 1 -13.67177811 -6.33222466 0.75613665 0 -12.64878945 -4.91596715 0.20825734 1 -12.67924626 -7.80390315 0.30730150 1
15 13.813541 -1.5695439435e-4 -1.6162985739e-4 | -0.05215188 0.06440409 -0.09471215 0 1.56903090 -0.78629704 -0.07154156 1 -0.74127508 -0.23592624 1.57481501 1 1.27230603 4.79382719 12.94245972 0 2.04291437 5.50352845 11.44081070 1 -0.35278842 5.63019431 13.05185869 1
16 13.217827 1.4672090568e-4 1.7316873901e-4 | 0.06778672 -0.01026924 -0.10553482 0 -0.14583020 -1.25567998 1.21952472 1 -0.93008229 1.41867361 0.45552651 1 12.20943649 -4.39103399 1.80034733 0 12.62002938 -5.96766470 0.96481638 1 13.83829051 -3.64489645 2.17787003 1
17 13.587621 -3.2574962550e-5 -4.3907318229e-5 | 0.01100840 0.07464628 -0.10072161 0 1.07798387 0.02802094 1.38650813 1 -1.25270949 -1.21280853 0.21214771 1 -1.28789619 13.19323051 -3.13258177 0 0.06709438 12.71061191 -1.99964633 1 -0.52668678 13.12949926 -4.79658555 1
18 12.776370 -3.7480871256e-4 -4.0801815456e-4 | -0.05535595 -0.10937732 0.02846782 0 1.69578535 0.36338598 0.27839159 1 -0.81717432 1.37265338 -0.73023358 1 -6.20738504 -5.30725528 -9.91107344 0 -6.35737236 -7.11505471 -9.66242124 1 -5.19115791 -4.74179389 -8.49687901 1
19 13.939374 6.2237515124e-5 8.1939781154e-5 | 0.02119356 0.06341483 -0.10661842 0 -0.36058084 -1.71692145 0.08603129 1 0.02419621 0.71039972 1.60621886 1 4.59148890 -6.87020691 -11.08924755 0 6.33809461 -7.36735099 -11.32308327 1 4.01607248 -6.44372948 -12.77430629 1
20 9.313798 -2.4649277974e-4 -2.1117262837e-4 | -0.12156461 0.01176300 0.03036073 0 1.18568239 1.29147965 0.10712971 1 0.74379396 -1.47818235 -0.58901591 1 3.67631572 -8.47378126 -0.95340307 0 4.33724114 -9.71240217 -2.12875779 1 2.08725798 -7.95096247 -1.69769203 1
21 7.976009 -7.4318702030e-4 -6.8624644385e-4 | -0.11777518 0.03070321 -0.03200649 0 0.44619948 -1.43614190 0.90754706 1 1.42313097 0.94881974 -0.39953923 1 5.90678681 4.66395156 2.56145564 0 4.96924496 5.37295984 1.15760899 1 5.89938202 5.99102537 3.82289542 1
22 11.923412 -1.3675734781e-4 -1.5212063003e-4 | -0.04211766 -0.11792467 0.01256869 0 0.85546983 0.61032716 -1.40744851 1 -0.18697732 1.26137594 1.20795798 1 -8.13386195 7.27708147 4.70923643 0 -7.06678750 7.15991255 6.19250527 1 -9.72846652 6.55372169 5.24439709 1
23 14.034289 2.9658754492e-4 3.4954578091e-4 | -0.05063908 -0.01126324 0.11466001 0 1.50008381 -0.75934856 -0.50830848 1 -0.69633912 0.93811898 -1.31157801 1 -0.28961449 -4.90607728 -13.26522562 0 1.34071979 -4.75500357 -12.44568322 1 -1.29880998 -3.58021650 -12.50626075 1
24 10.878207 -7.6366378024e-4 -8.3656166585e-4 | 0.02974387 -0.11018564 -0.05303323 0 0.93956588 0.78955022 1.25660877 1 -1.41166122 0.95931886 -0.41486407 1 -7.76965186 7.00199378 2.49603955 0 -9.28292289 7.41806796 1.55298284 1 -7.75522670 8.20490766 3.87632943 1
25 11.316460 -2.3654731326e-4 -2.4214517570e-4 | 0.08127216 0.03494212 0.08950967 0 0.12240752 -1.48031821 -0.93750391 1 -1.41236111 0.92571608 -0.48319571 1 8.55731797 1.52518630 -7.10956121 0 9.26079517 2.39556596 -5.66041596 1 9.91635254 1.52400949 -8.33652237 1
26 8.275150 8.2039806666e-5 2.7117127784e-4 | -0.02538646 -0.08362324 0.09055814 0 -1.07998014 0.39221874 -1.32855054 1 1.48291469 0.93505129 -0.10879049 1 -4.60719402 -2.02744626 6.50865359 0 -5.63501685 -3.39623719 7.15861859 1 -2.88611345 -2.58112149 6.79802435 1
27 14.646713 6.8461296850e-5 8.4446641225e-5 | -0.07940715 0.03329462 -0.09178273 0 1.65467097 -0.53136671 -0.25485801 1 -0.39431879 0.00291369 1.71163561 1 -3.18067878 1.54472627 14.18389759 0 -1.59753561 2.02007430 13.39639215 1 -2.73448172 1.21934231 15.92959043 1
28 6.268006 -4.0516853133e-3 -3.4642142249e-3 | -0.09579202 0.07410740 -0.03420640 0 -0.15636306 -1.43877555 0.99534652 1 1.67677636 0.26254119 -0.45242173 1 4.56384862 4.21751555 -0.55875169 0 5.06569959 5.53886162 0.60514395 1 3.00036210 4.83081086 -1.28799020 1
29 6.914585 -5.1855551104e-4 -4.7641209406e-5 | -0.02974489 -0.04025154 0.11546926 0 0.36741706 -1.04946869 -1.35972768 1 0.10469454 1.68834217 -0.47300321 1 -5.84321227 3.90019219 0.38667625 0 -6.02245195 2.14566118 0.87856747 1 -4.03389635 4.14691430 0.25283245 1
30 10.216677 -4.9392363391e-4 -5.3230739240e-4 | -0.05518237 -0.04523475 0.10366687 0 1.42752795 1.02340942 -0.00602663 1 -0.55167212 -0.30544244 -1.63937642 1 8.35546010 3.87749491 -4.22788526 0 7.92637356 5.25794822 -3.10418766 1 9.50820308 4.62486702 -5.43826891 1
31 6.790659 5.7106313490e-4 1.4098345127e-3 | -0.01201233 0.02777934 0.12215608 0 -0.19838945 -1.60593921 -0.68325695 1 0.38904940 1.16502495 -1.25560730 1 -5.69942254 3.72331995 0.12589738 0 -5.81398225 5.54159054 -0.05639641 1 -4.32124284 3.24651816 -0.98121182 1
32 13.703723 1.2625083237e-4 1.4760906279e-4 | 0.06701546 0.09544144 0.04730704 0 -0.52685302 -1.40192474 0.91775384 1 -0.53681796 -0.11292406 -1.66861227 1 -6.60348718 12.06192245 -0.33655568 0 -8.17986844 11.40683751 0.32552342 1 -6.22896903 10.97601039 -1.76236814 1
33 5.321446 -1.1503773786e-3 6.8016400868e-4 | -0.10506161 0.06923934 -0.00246326 0 0.70485432 -0.79556316 -1.39839152 1 0.96268611 -0.30340524 1.43748843 1 -0.71098901 3.69561934 3.82205017 0 -2.21988650 4.46662126 3.12833028 1 0.52636930 3.84266697 2.48050947 1
34 7.028376 1.3272108969e-3 1.9501639210e-3 | 0.09297784 0.03019198 0.07925693 0 0.22889555 -0.77817913 -1.55797409 1 -1.70464209 0.29897137 0.30000618 1 -1.29763612 6.25956986 2.62895663 0 -3.01395727 6.66036433 2.13290380 1 -0.69425744 7.78845264 3.43571659 1
35 6.180697 -4.6320269628e-3 -3.9740716963e-3 | 0.06562641 0.05799921 -0.09037346 0 -0.47152598 0.73848530 1.52234750 1 -0.57009790 -1.65905021 -0.08793781 1 -1.22221087 2.33005403 -5.67043350 0 -0.37049038 1.34127298 -4.38616440 1 -0.32559685 3.92644136 -5.67682344 1
36 13.369647 -2.5102089910e-4 -2.7854359237e-4 | 0.02141770 0.12381635 -0.00699206 0 -1.42377753 -0.80503078 -0.64032974 1 1.08383523 -1.16018531 0.75130785 1 2.85612064 -11.66701309 5.70320462 0 4.59988074 -11.24395879 5.33880281 1 2.76533069 -13.47494874 5.42836666 1
37 7.526939 6.0912015576e-4 1.0072335557e-3 | 0.09607527 -0.07125008 -0.03912882 0 -0.00505966 0.94372734 1.48141564 1 -1.51984937 0.18715556 -0.86036210 1 5.45232536 -2.06660014 -4.66464149 0 6.79719501 -1.36243082 -5.68832799 1 6.23169703 -2.35106966 -3.03244453 1
38 10.509569 -3.4494357661e-4 -3.7568043800e-4 | -0.10961155 -0.04629937 -0.04098503 0 1.49598164 -0.01212888 -0.92039721 1 0.24377549 0.74699354 1.57091261 1 -6.89560825 -5.62076464 5.80335818 0 -5.32745720 -4.70552067 6.03935321 1 -7.78000376 -4.67156163 4.51135652 1
39 6.886108 5.8055150491e-4 1.0688896594e-3 | 0.05280129 0.03041909 -0.11011267 0 -0.32161299 -1.64228228 0.53358521 1 -0.51645027 1.15946982 1.21412566 1 6.65341022 0.24592634 -1.97892867 0 6.41217731 -1.56526977 -1.86129272 1 6.34947316 0.85129605 -0.27788199 1
40 8.207124 5.0653338742e-4 6.8373919945e-4 | -0.12498927 0.00347506 0.01427244 0 0.82353557 -0.28878102 -1.52434703 1 1.16029708 0.23362473 1.29781449 1 4.87831538 5.02841135 -4.30636246 0 3.94755028 5.96899018 -5.57184682 1 4.60553162 3.27523325 -4.75843064 1
41 9.482157 -7.6850339326e-5 9.7792962904e-5 | -0.01423509 0.12306438 0.02214985 0 -1.32262439 -1.13911609 -0.19575098 1 1.54856407 -0.81416472 -0.15581204 1 -0.04917818 -3.48922922 8.87968923 0 0.14787237 -3.07240104 7.10771625 1 1.24936157 -4.74117893 9.19405602 1
42 9.074113 -1.0426874736e-3 -9.9758925288e-4 | 0.05429402 0.10853356 0.03332748 0 0.61008306 -1.08192412 -1.24196540 1 -1.47183903 -0.64072319 0.71299083 1 7.34484905 -4.71039899 2.73933045 0 5.71944177 -3.87035291 2.66978435 1 8.46688952 -3.45897059 3.46552753 1
43 10.614473 6.8148445861e-5 1.2444022191e-4 | 0.08008701 -0.08079320 -0.05382032 0 -1.22223575 -0.44271501 1.18126304 1 -0.04890712 1.72506655 -0.32702563 1 9.79919979 0.82677066 4.14002854 0 9.43155221 1.69007174 5.71229105 1 8.79012915 1.71178824 2.89466500 1
44 4.886347 1.1662065316e-2 1.5454930022e-2 | -0.04883384 -0.00546939 -0.11585956 0 -0.93736385 -0.07561959 1.48353291 1 1.71245577 0.16242992 0.35539278 1 -3.54975122 2.42580085 -2.06410493 0 -5.05910419 2.19958032 -1.05260073 1 -3.99683100 3.74795640 -3.24919329 1
45 11.402009 -3.8570188141e-4 -4.0267903958e-4 | -0.06114532 -0.01932472 0.10828620 0 0.08711611 -1.15764292 -1.31814750 1 0.88338389 1.46436537 -0.40057361 1 -5.79265318 1.22156227 -9.78189654 0 -5.85617711 2.82858739 -8.90674062 1 -7.16453993 0.25585015 -9.04859108 1
46 7.944146 -3.6103818102e-4 -1.8214921243e-4 | 0.08776519 -0.06640287 -0.06104119 0 0.22737485 0.74711621 1.57332680 1 -1.62038605 0.30683167 -0.60447963 1 7.81247555 1.06936319 -0.69305049 0 7.41550411 -0.25454314 -1.89394540 1 8.99196483 0.28499043 0.46711090 1
47 10.861715 2.3252005190e-4 3.0720258070e-4 | 0.06512808 -0.08025043 -0.07180737 0 0.47038046 0.50182334 1.61621618 1 -1.50409483 0.77191338 -0.47648790 1 6.90114841 4.72235805 6.97776852 0 7.36002171 3.07708439 7.63729317 1 5.20998116 5.00785971 7.61874603 1
48 8.180870 -5.3502719291e-4 -3.6683967352e-4 | -0.11788100 -0.01437690 -0.04165897 0 0.45614990 0.09530515 1.69354167 1 1.41486021 0.13288535 -1.03232956 1 -5.73397632 -5.41994113 -2.32843555 0 -3.93798327 -5.44228428 -1.97294627 1 -6.50515560 -6.03568263 -0.78617910 1
49 7.253083 -1.4261832432e-3 -1.0831253010e-3 | 0.05652030 0.06470755 0.09195914 0 -0.52581194 0.68837760 -1.52803707 1 -0.37127969 -1.71541743 0.06845939 1 -4.35496284 -4.31211819 -3.85475025 0 -5.82543337 -3.33324098 -4.33639192 1 -3.09586561 -3.88003375 -5.11188479 1
50 7.211886 2.2730619959e-3 3.2805564018e-3 | -0.08746573 0.08350102 -0.03486290 0 1.64581553 -0.03705221 -0.61250109 1 -0.25755733 -1.28827795 1.16584579 1 3.91280896 -5.21442614 3.30522954 0 3.30847290 -3.76154434 2.36908036 1 2.38908456 -6.00162982 3.94631015 1
51 5.741631 1.4952650389e-4 1.5223703243e-3 | -0.09644854 0.07888667 0.01768242 0 0.16854482 -1.07888033 -1.37580852 1 1.36228875 -0.17321078 1.09515280 1 3.12098490 4.49364642 1.46616594 0 4.95057602 4.52232001 1.40107326 1 2.60697776 5.71099063 0.19877500 1
52 7.309570 -2.0196741651e-3 -1.9077373394e-3 | -0.02075382 0.12206245 -0.02254179 0 1.47909831 -0.85399506 -0.41012172 1 -1.14969316 -1.08338311 0.76790555 1 1.61257141 -6.97344184 0.95428978 0 1.89129632 -8.10376951 2.36748993 1 3.20960586 -6.97108908 0.05880920 1
53 9.152092 6.3535604000e-4 7.6412545174e-4 | 0.11882097 0.03469432 -0.02271513 0 -0.55136553 -0.76397420 1.48242324 1 -1.33456371 0.21330507 -1.12188809 1 -4.69124806 5.07783816 -6.11463262 0 -4.52503614 3.33744071 -5.57070872 1 -3.14781098 5.40811417 -7.04260341 1
54 8.696966 -9.3956539784e-4 -8.4463334782e-4 | 0.06359453 -0.01562351 0.10746971 0 -1.38737663 -0.96025731 -0.48819175 1 0.37800276 1.20823403 -1.21757000 1 -1.50321189 -7.31747360 4.40952646 0 -1.32697933 -9.08154395 3.95185764 1 0.21222009 -6.67744467 4.40139462 1
55 6.107759 -1.7337076606e-3 -6.6051864231e-4 | -0.09016791 0.04632652 0.07457679 0 -0.22933006 -0.45240242 -1.68165959 1 1.66047722 -0.28289326 0.49797497 1 -0.43063553 0.86824964 -6.02017222 0 -0.61685537 2.15680244 -7.30757921 1 -1.19933625 1.60610417 -4.53118602 1
56 6.825362 1.9136848134e-3 2.8089598923e-3 | -0.10894815 0.06227063 0.00952702 0 0.35899363 -1.20235439 -1.22910808 1 1.37023407 0.21399345 1.07789501 1 6.17595214 -1.31377191 -2.79936440 0 5.67961698 -1.72835145 -1.08640261 1 5.03553238 -2.29091536 -3.84676284 1
57 9.409721 5.8581581347e-4 7.7414649527e-4 | 0.12432754 0.01903907 0.00427464 0 -0.93406853 -0.17046893 -1.47773324 1 -1.03926114 -0.13171968 1.40988597 1 6.63459443 3.10423642 -5.71090405 0 7.83072089 2.50879203 -6.96277878 1 7.12354001 4.84346768 -5.41355430 1
58 14.832292 -1.2435435337e-4 -1.3018499692e-4 | -0.06171954 -0.10397176 -0.03490942 0 1.74859727 0.14171032 0.08697687 1 -0.76898331 1.50853194 0.46710631 1 6.16877406 -11.30602476 -7.46318441 0 7.14598000 -10.45074682 -8.75393268 1 4.57671204 -10.40226703 -7.43203119 1
59 13.492088 1.6024112195e-4 1.7690812561e-4 | -0.02567969 -0.10015670 0.07174459 0 0.70926574 -0.07665253 -1.60508744 1 -0.30167702 1.66634199 0.46635567 1 -9.85822411 -2.19700415 -8.80668459 0 -11.23550913 -3.07721654 -9.63177549 1 -8.63806252 -1.91845780 -10.14310806 1
60 10.368901 -5.0849826294e-5 3.1314784991e-5 | 0.08785291 0.07283290 -0.05305968 0 -1.29975640 -0.79480634 -0.87415982 1 -0.09464714 -0.36119924 1.71632435 1 3.43669623 -2.27177564 -9.54309878 0 3.18206620 -2.83331530 -7.81906293 1 2.91619681 -3.70068115 -10.56276511 1
61 6.844602 2.3594768078e-4 7.3828116081e-4 | 0.11182728 -0.05213033 0.02480290 0 -1.45828505 -0.26922447 0.94136183 1 -0.31664026 1.09663826 -1.33503398 1 -2.98028255 -2.38091829 -5.62358731 0 -1.62844481 -1.59786100 -6.57847939 1 -4.50297456 -1.60608788 -6.28196175 1
62 9.493941 9.0648644787e-5 2.5455071798e-4 | -0.09618935 -0.00660180 0.08088337 0 0.13296436 -0.94724426 -1.47318973 1 1.39375537 1.05202817 0.18940688 1 1.49038833 -4.21401967 8.37150902 0 2.79526755 -4.58610339 9.60086120 1 2.41466744 -3.70887688 6.87386122 1
63 9.600267 2.6433820341e-4 3.6282383203e-4 | -0.00774990 -0.12523246 -0.00973986 0 -0.69210149 1.13573753 -1.14731643 1 0.81510805 0.85195514 1.30190766 1 -9.31164637 -0.61893009 -1.78707362 0 -10.57238425 -1.81768887 -1.21612680 1 -10.04976432 1.01684393 -1.42398232 1
64 14.846781 -3.7847521295e-5 -3.7605112666e-5 | 0.01802156 -0.12064442 -0.03095550 0 -1.30196465 0.58465163 1.02386997 1 1.01592599 1.33021951 -0.53254361 1 4.83539546 -10.05804388 -9.75604736 0 5.43113047 -10.01067849 -8.02534831 1 4.65078917 -11.84310889 -10.11919119 1
65 9.152825 -3.4518831943e-4 -3.5840326771e-4 | 0.07664376 -0.02417220 -0.09684799 0 -1.71332668 -0.38510071 0.03805679 1 0.49683503 0.76876248 1.49911689 1 3.65717071 -8.27290493 1.57673368 0 2.19024850 -8.36024501 0.48450027 1 5.06305579 -8.05317607 0.42451129 1
66 8.080167 1.1068764734e-3 1.5801342980e-3 | -0.09831939 0.01823817 0.07641180 0 0.23993551 0.82355793 -1.53278259 1 1.32059215 -1.11303465 0.31997269 1 5.51927121 2.67698871 -5.43400367 0 6.21032639 2.15456678 -3.82093797 1 3.77965180 3.10800585 -5.05935904 1
67 5.779225 -1.2629119367e-3 6.4818789909e-5 | 0.11242241 0.05556933 0.01055213 0 -0.71131565 -0.53531829 -1.51416762 1 -1.07305547 -0.34667952 1.34668390 1 -0.02274410 -4.12223769 4.09221015 0 1.33514929 -2.89399241 4.09360912 1 -1.25833062 -3.42762561 5.25119680 1
68 12.236615 -3.2158594634e-4 -3.3793964127e-4 | 0.05468853 0.11219996 -0.01607575 0 -1.09304192 -0.75237576 -1.15083851 1 0.22502431 -1.02846469 1.40599313 1 8.31067205 -7.09561192 -5.46592005 0 8.51135852 -5.43694479 -4.71691326 1 9.94596523 -7.88914467 -5.24562020 1
69 12.315523 -9.6182539602e-5 -8.9759453047e-5 | 0.05925476 0.10790792 -0.02613141 0 -0.14604517 -1.35342583 -1.11002186 1 -0.79444772 -0.35929124 1.52478027 1 3.86675919 -1.35399258 11.58568960 0 2.69262012 -1.79844651 12.91847653 1 3.64413457 0.45100732 11.37397355 1
70 8.586548 1.2193819965e-3 1.6064421386e-3 | 0.06597321 0.00515869 0.10704681 0 -0.42375670 1.39456849 -0.98022864 1 -0.62337165 -1.47644729 -0.71882088 1 -4.03363508 1.25062352 -7.56232393 0 -3.06658775 1.32024881 -6.00912250 1 -5.69378507 1.85828332 -7.08581411 1
71 8.632405 5.1296637800e-4 7.0325277997e-4 | -0.02205108 0.10277520 0.06920335 0 -0.61335420 -1.60377189 0.37006965 1 0.96334950 -0.02747857 -1.46846686 1 -7.72934201 -3.36645869 1.40579787 0 -6.96297193 -4.99815154 1.08530102 1 -9.49343723 -3.60666779 0.97838980 1
72 11.898911 -3.7501774494e-5 -2.7164623404e-5 | -0.09144459 0.00124048 0.08645487 0 1.62750943 -0.60013943 0.27619726 1 -0.17609870 0.58045052 -1.64841096 1 5.82438272 -9.55374854 -3.83100922 0 6.41624520 -9.84515993 -5.53900251 1 7.35392689 -9.25392235 -2.87027568 1
73 14.543786 -1.7700719898e-4 -1.9597805172e-4 | 0.04513477 -0.05220405 -0.10524108 0 -0.15942441 1.72849737 0.26855145 1 -0.55695574 -0.89991341 1.40183752 1 -10.63311141 -9.14260010 3.49050193 0 -10.36663055 -10.90128207 3.05634921 1 -12.30684025 -8.76977146 2.84859804 1
74 14.300818 1.4080345475e-4 1.7469451761e-4 | 0.08191245 -0.07486839 0.05935630 0 0.33015303 1.65562806 -0.48490608 1 -1.63026942 -0.46731514 -0.45719847 1 11.19396981 5.64829942 6.62457554 0 10.65029769 6.78021530 7.95711071 1 13.01990108 5.78329771 6.63724449 1
75 12.146316 -3.7085327435e-4 -3.9712920599e-4 | 0.05586744 0.11058538 -0.02208615 0 0.83281653 -1.54532558 0.06020525 1 -1.71954587 -0.20988826 0.29034668 1 2.77050412 -8.04664702 -8.62416862 0 4.22149735 -9.03886702 -9.13659521 1 3.28605168 -6.31377458 -8.91360574 1
76 8.217916 5.4095994823e-4 7.9146463909e-4 | -0.11446093 0.02772776 -0.04436174 0 0.32744429 -0.58250672 1.62440923 1 1.48928226 0.14241105 -0.92029870 1 -1.50139316 8.04894525 0.27145423 0 -0.20050788 9.25785637 0.71720558 1 -2.04587480 7.36142782 1.87870951 1
77 13.488284 -2.6569916561e-4 -2.8892393243e-4 | -0.04976751 0.10752815 -0.04241447 0 1.71240405 -0.26179644 0.29047237 1 -0.92249302 -1.44489299 0.38273114 1 -0.72890452 0.94179999 -13.53464720 0 1.06202222 0.73387197 -13.21557002 1 -1.33517824 1.89212209 -12.09182701 1
78 9.230438 4.1627086521e-4 6.2417912493e-4 | -0.10847207 -0.06344633 0.00681680 0 0.18152454 1.70947719 0.36052152 1 1.54014675 -0.70245550 -0.46871797 1 5.48073973 -0.86923151 -7.53293175 0 3.68833561 -1.19789068 -7.35479276 1 5.99874914 -0.29127790 -5.87460551 1
79 9.471287 -2.2463881818e-4 -1.8204606074e-4 | 0.05186150 -0.11465923 -0.00131993 0 -0.86511338 0.72045060 -1.34824662 1 0.04196645 1.09942341 1.36919657 1 -2.78785252 -4.08127358 7.98681287 0 -1.88341648 -4.87918385 9.36441860 1 -3.65139302 -5.46496705 7.15488726 1
80 13.087451 -1.8842220579e-4 -1.8189256653e-4 | 0.08201333 -0.00995523 0.09493578 0 0.16396530 -0.80897653 -1.55045527 1 -1.46568285 0.96698618 0.04363227 1 4.71958870 -9.29784013 -7.81836957 0 3.67839478 -9.99618476 -9.15279562 1 4.62500825 -10.54083700 -6.47731649 1
81 9.600003 1.7696520899e-4 3.1546806990e-4 | -0.06166725 -0.01702116 0.10837678 0 -0.76416168 0.38337810 -1.53437849 1 1.74294567 -0.11321791 -0.18578039 1 -0.59680455 6.70016125 -6.94101495 0 -0.71768957 8.21052721 -5.91308288 1 0.53330550 5.60708842 -6.00269033 1
82 8.151381 1.1872674035e-3 1.5323273402e-3 | -0.09618127 0.05312262 -0.06136160 0 0.64628148 -1.59610606 -0.34641723 1 0.88030997 0.75294256 1.32035000 1 0.84832589 -3.78680917 -7.11673609 0 0.47805339 -5.26664664 -8.12937729 1 1.96272953 -4.40810589 -5.80353201 1
83 5.918482 -3.2301804627e-3 -1.8983824448e-3 | 0.05648947 0.01979882 -0.11070250 0 -1.20339205 -1.24409909 0.29883812 1 0.30678988 0.92985173 1.45823455 1 -2.35649340 -2.09669796 -5.01002283 0 -2.10861205 -0.33753561 -4.56689130 1 -4.15262584 -2.22828883 -5.34017755 1
84 14.874496 -2.2453011574e-4 -2.5621880974e-4 | -0.02975893 -0.08598604 0.08694196 0 -1.13163295 0.68494346 -1.15563771 1 1.60396733 0.67982895 -0.22430711 1 -3.82314016 -14.12736959 3.20000797 0 -4.53584833 -13.27790657 1.74298274 1 -3.73083312 -12.82210664 4.48070234 1
85 8.308449 -1.4161800036e-3 -1.3946460462e-3 | 0.08000394 -0.01020906 0.09660870 0 -0.92462144 1.44352835 -0.38280582 1 -0.34520305 -1.28148993 -1.15056971 1 -5.64109323 -5.98577504 0.02728629 0 -7.33590550 -6.63930410 -0.20287453 1 -5.40131746 -5.98752114 1.84247625 1
86 7.197351 -1.8757346033e-3 -1.5496283354e-3 | -0.00178772 0.11160574 -0.05812967 0 -1.43054854 -0.90699320 0.46490149 1 1.45892329 -0.86441582 0.45773395 1 2.74417493 4.75686506 4.81204717 0 1.99941782 3.09754053 4.60123489 1 1.71879193 5.84708420 3.75733301 1
87 10.837600 -1.2754615369e-4 -1.1417770466e-4 | 0.10839915 -0.03950418 -0.05027067 0 -0.21924149 1.53857519 0.81851007 1 -1.50127238 -0.91156383 -0.02061285 1 -9.52346366 -3.19243998 4.00034441 0 -7.94029421 -2.83828062 4.84923106 1 -10.60739482 -3.84418333 5.32425298 1
88 7.361185 3.0254670339e-4 6.8685778183e-4 | -0.05815480 -0.02704685 0.10828011 0 -0.81568528 0.48891031 -1.47677467 1 1.73871968 -0.05962199 -0.24184984 1 1.63747215 -4.03677585 6.00021590 0 2.19256083 -3.80197804 4.27128287 1 2.72710859 -2.93515819 6.97568553 1
89 12.825876 -2.4664631884e-4 -2.7353140102e-4 | 0.03099414 -0.11928071 0.02548670 0 -0.94666023 1.03391135 1.05834820 1 0.45472052 0.85931490 -1.46287368 1 9.77233211 -4.97260985 6.70944972 0 9.32520119 -6.50750514 7.60199286 1 9.16435761 -5.25050306 5.00488162 1
90 12.517284 1.1108289619e-4 1.5118049751e-4 | 0.10586246 0.01570477 -0.06621628 0 -0.30005389 0.69742702 1.58391995 1 -1.38019760 -0.94669353 -0.53293359 1 -10.04498124 4.29529914 6.22083593 0 -11.53797278 3.90822419 5.23411808 1 -8.74427115 4.59773941 4.96820143 1
91 12.172432 -3.5851726465e-4 -3.7770603208e-4 | -0.07267624 -0.04069540 -0.09434058 0 0.39675766 -0.93778842 1.43121467 1 0.75676140 1.58370677 0.06616119 1 2.11333194 7.71081001 -9.18666394 0 3.58300879 7.14049973 -10.11793139 1 0.82554800 6.46833405 -9.57431847 1
92 12.621337 4.5199496154e-4 5.1662310628e-4 | -0.11504443 -0.00526713 -0.05074577 0 0.68201104 1.41628089 0.78374011 1 1.14397685 -1.33268092 0.02169795 1 9.32012921 -8.58965892 0.38097775 0 10.18851499 -8.66978310 1.99093090 1 8.04216455 -7.30104116 0.62321858 1
93 13.309688 -1.9760336559e-4 -2.0296135611e-4 | -0.04788879 0.09489914 0.06737145 0 -0.08520464 -1.69331857 0.45896796 1 0.84529660 0.18707710 -1.52828926 1 -10.04528971 -8.59434499 0.49821197 0 -11.07478727 -7.25231285 -0.20289245 1 -10.79852141 -10.12852950 -0.15854517 1
94 11.794429 1.6459415932e-4 1.9036555491e-4 | 0.06058807 -0.03857091 -0.10334150 0 -0.06979178 1.66544837 0.55375990 1 -0.89186351 -1.05324989 1.08647890 1 -6.24038146 5.14749539 -8.51054723 0 -6.79035466 6.83127607 -8.04700113 1 -4.85940200 5.43138124 -9.67875723 1
95 9.800667 6.3380779436e-4 7.7213619163e-4 | 0.12026749 0.00467768 -0.03676882 0 -1.24216539 1.13681074 -0.49992566 1 -0.66672306 -1.21105500 1.08352130 1 3.09801117 8.30914103 3.98612100 0 2.05939908 8.47661460 5.48468712 1 2.90950408 9.91490174 3.12681450 1
96 13.120230 1.4971567617e-4 1.8065340510e-4 | -0.11790216 -0.04259667 -0.01107705 0 1.00020929 0.53143317 -1.34253468 1 0.87113654 0.14466224 1.51834983 1 -9.26660189 -5.92164898 7.15642370 0 -7.46449700 -5.66357629 7.35207473 1 -9.94619971 -5.63573884 8.83237485 1
97 9.444279 1.1641243373e-4 1.5388521892e-4 | -0.03628959 -0.04774313 -0.11064247 0 -0.66521092 1.45416878 0.72672333 1 1.24120011 -0.69638874 1.02939656 1 3.09211539 -5.46501543 -7.07327520 0 1.52779213 -5.51097894 -8.02366616 1 2.79784627 -6.60122563 -5.66798444 1
98 5.981002 -3.0681191145e-3 -2.2451963737e-3 | 0.02727916 0.10105753 0.06986643 0 -1.61847352 -0.45555092 -0.50818895 1 1.18549807 -1.14843666 -0.60073273 1 1.35437297 -5.51891219 1.48681156 0 0.01793396 -5.71242701 2.72331699 1 2.22676122 -7.12847857 1.51220517 1
99 6.616831 -2.6429033417e-4 3.6074871625e-4 | -0.05125658 0.11360477 0.01745896 0 1.28113476 -0.35179954 -1.14898651 1 -0.46758918 -1.45133810 0.87187747 1 -6.54321201 -0.18255446 1.55230559 0 -5.90843805 1.25732233 2.48840373 1 -5.03977281 -1.12930192 1.10986934 1
100 11.393299 2.0769803898e-4 2.6037271797e-4 | -0.12277179 -0.02205433 0.01669702 0 1.29191992 -0.95108124 0.71528077 1 0.65671681 1.30112814 -0.98029630 1 7.03356010 -8.69731518 -2.07075067 0 8.57448793 -8.35053180 -2.99689622 1 7.38302678 -8.09809335 -0.37628430 1
101 14.047664 5.5517308853e-5 8.3953376475e-5 | 0.07619893 0.00014573 0.10015886 0 -0.59828289 1.44370936 -0.80187285 1 -0.61114831 -1.44602239 -0.78785103 1 -5.43150720 5.92775700 11.53966243 0 -6.99025880 6.81839716 11.89954637 1 -5.64708028 5.31863779 9.82650392 1
102 4.668089 7.5588338313e-3 1.1856075585e-2 | -0.01248767 -0.00112172 0.12522338 0 -0.58288087 -1.26244417 -1.07318396 1 0.78108545 1.28024811 -0.91436457 1 -3.70630425 -1.79517706 2.01276076 0 -2.65105699 -2.38059261 3.38978826 1 -5.02852086 -3.05598904 1.89231807 1
103 8.281736 1.0968454702e-3 1.3442578743e-3 | 0.06564946 -0.02211758 0.10506692 0 -0.50305452 1.59154666 -0.54695025 1 -0.53893523 -1.24049588 -1.12067437 1 0.51652552 -5.53187792 6.08495703 0 0.42261415 -6.72075782 4.69563774 1 2.10668360 -5.92258371 6.90419832 1
104 6.456803 -2.3282781406e-3 -1.5404129603e-3 | 0.00815529 -0.09879025 0.07753756 0 -1.44021483 0.98128222 -0.21932996 1 1.31077386 0.58671896 -1.01134811 1 -3.14935544 5.30724687 2.01599198 0 -4.77028785 4.77729957 1.34951102 1 -2.76624414 4.06586285 3.30618634 1
105 8.909705 -9.1751964083e-4 -8.3568273931e-4 | 0.04617282 0.08614240 0.07928212 0 -1.36636592 -1.04734936 0.34834276 1 0.63350989 -0.31990484 -1.60671042 1 -6.32799418 6.05612292 2.02779107 0 -6.37634761 7.05914536 0.49675520 1 -5.17876934 4.68680757 1.63197828 1
106 6.479503 1.1483377509e-3 2.1323308633e-3 | 0.11661378 0.00495286 0.04706158 0 -0.41297316 -0.64857808 -1.57925262 1 -1.43792350 0.56996610 0.83229017 1 0.95842028 5.53378087 3.01526642 0 0.23924086 5.87598640 4.66394444 1 0.75518186 7.10698902 2.10087028 1
107 8.111888 8.6514035755e-4 1.1643634198e-3 | -0.07793135 0.02320916 0.09605277 0 -0.28007099 0.50685016 -1.65828295 1 1.51699926 -0.87522655 0.13373105 1 3.41014423 4.00420951 6.05190814 0 3.10111988 3.03862138 7.57657413 1 5.15046763 4.55050073 6.21081195 1
108 8.845555 -7.2167837835e-5 6.8799011643e-6 | 0.00282391 -0.04786354 0.11635808 0 0.94989832 -0.60008725 -1.35012135 1 -0.99471956 1.35977851 -0.49671688 1 -7.74316911 -1.56708488 -3.96565412 0 -7.99448461 0.14515959 -4.56358579 1 -8.48992938 -1.57357058 -2.29391339 1
109 13.434990 -1.7017069367e-4 -1.8120502347e-4 | 0.04995935 0.11217871 0.02753352 0 -1.45775810 -0.23794060 -0.95056025 1 0.66480204 -1.54256263 0.51354751 1 -7.27469253 -10.92216189 2.82100444 0 -7.30657561 -9.35131822 3.76116214 1 -7.17366952 -12.21666571 4.11192049 1
110 13.446153 1.1628265186e-4 1.5131720821e-4 | -0.12345454 0.02424333 0.00305525 0 1.20540367 0.83140355 0.97005635 1 0.75406967 -1.21619423 -1.01854936 1 -12.48445014 -4.61279106 1.72833681 0 -13.71416190 -5.87446711 1.22989382 1 -10.94093983 -5.56470233 1.98102423 1
111 7.875816 -1.1256357635e-3 -9.5540642974e-4 | -0.08487641 -0.08398671 -0.03975328 0 0.22698343 1.59664118 -0.69602778 1 1.12017694 -0.26360205 1.32699278 1 -7.25787218 1.37821271 -2.59804555 0 -6.46851003 -0.25373142 -2.85520048 1 -8.72431350 1.34590322 -3.69390868 1
112 5.795810 8.8001386259e-5 1.5411678080e-3 | 0.00153662 -0.06051469 -0.11033452 0 -1.20655232 1.18609290 0.47186262 1 1.18216298 -0.22560233 1.27936958 1 3.21561016 1.98588285 -4.38516175 0 4.24322787 1.23710715 -5.70265927 1 3.66136830 1.04580607 -2.87852133 1
113 13.591377 -8.6059840858e-5 -9.4966703870e-5 | -0.05627247 -0.09469004 0.06087119 0 1.61868261 0.58778831 0.34584780 1 -0.72552462 0.91513420 -1.31199683 1 -13.29436535 -1.85231651 2.02985924 0 -13.41656342 -3.46724328 1.17572689 1 -13.02899744 -2.29224909 3.78725766 1
114 10.269243 -4.1976486050e-4 -4.1649488973e-4 | 0.06713621 0.06987746 0.08029922 0 -1.72570617 0.17626768 -0.27587520 1 0.66011865 -1.28536444 -0.99863601 1 -7.76925765 6.80393200 0.85514976 0 -6.48097789 7.65086581 -0.13252492 1 -6.82950178 5.90895436 2.14677043 1
115 9.308357 -7.7000987048e-4 -7.8301413274e-4 | -0.02865089 -0.12199851 0.01155793 0 0.83301745 0.70422110 -1.37673300 1 -0.37826991 1.23214219 1.19328528 1 -5.86028785 -4.25787374 5.92620528 0 -5.25868120 -3.27035277 4.50658044 1 -7.03803061 -5.44523973 5.18089056 1
116 11.067213 4.4492012799e-4 5.5009962948e-4 | 0.06184632 -0.08868648 0.06440370 0 -1.67908831 -0.11815982 -0.50193614 1 0.69746207 1.52579378 -0.52028093 1 7.28161004 2.77655239 7.73211156 0 6.42044724 4.32600139 8.19044477 1 9.05555063 3.15955316 7.97471254 1
117 11.081998 3.7031873049e-4 4.6052778180e-4 | -0.07765457 -0.09410120 0.03086793 0 0.46455681 0.41350502 -1.64269284 1 0.76797836 1.08007140 1.15275638 1 -0.78533402 2.72651780 10.76826844 0 1.00357625 3.10967885 10.69444063 1 -1.53669244 3.84819195 9.53145089 1
118 10.089412 -9.2688355569e-4 -9.9479907735e-4 | -0.00838706 -0.11721220 -0.04504502 0 -0.71040763 1.41525741 -0.76000437 1 0.84352719 0.44513742 1.47495994 1 -6.71417148 -5.77379583 -5.03270516 0 -6.05068457 -4.62998741 -3.76623355 1 -5.47634604 -7.12044184 -5.11481938 1
119 13.468033 -3.8866543650e-4 -4.3292388868e-4 | 0.05023936 -0.07596584 0.08685214 0 0.89379797 1.21195335 -0.90417557 1 -1.69119829 -0.00622174 -0.47434364 1 -8.91243021 7.66672226 -6.37334390 0 -10.45916294 7.35574823 -7.30252414 1 -9.39609414 8.87724903 -5.08761291 1
120 11.367396 3.5220718412e-4 4.1937777078e-4 | -0.09929606 -0.02568958 -0.07292760 0 -0.03062958 1.08021642 1.38471423 1 1.60665894 -0.67247075 -0.22720564 1 3.31775443 -2.26554327 -10.61291896 0 4.92108103 -2.22703575 -9.72955953 1 3.35179852 -0.77201108 -11.67150889 1
121 14.646654 -9.0156961782e-5 -8.1794486022e-5 | -0.06838003 -0.03626890 -0.09923122 0 -0.61032001 0.12243791 1.64248520 1 1.69564942 0.45322298 -0.06748495 1 -9.53772586 10.62072464 -3.51578594 0 -8.93558141 12.29958903 -3.10190273 1 -8.01847806 9.60063751 -3.57676467 1
122 6.077187 -2.9217174300e-3 -1.7765896498e-3 | 0.01629158 0.12177033 0.02728857 0 -0.55460200 -1.21392163 1.14195012 1 0.29602171 -0.71882002 -1.57507498 1 1.76510848 -2.62908398 -5.17850703 0 3.51778529 -3.08636178 -5.44587175 1 1.78054796 -0.79885156 -5.12930400 1
123 7.095563 -2.4184608779e-3 -2.0601312857e-3 | -0.03815502 0.10051792 0.06540978 0 1.03855229 0.06460331 -1.41508825 1 -0.43295494 -1.66002609 0.37690272 1 3.34989940 -3.16271225 5.36686575 0 3.78061278 -1.65401082 4.42306023 1 4.32652101 -3.02217860 6.90922451 1
124 12.146517 3.5979678386e-4 4.1393398455e-4 | 0.11626933 -0.04632444 -0.01317515 0 -1.16045133 -0.54125220 1.20234685 1 -0.68497825 1.27651488 -0.99323050 1 -4.03908657 -10.43921409 4.63607213 0 -4.50807336 -8.77425510 5.23642687 1 -5.42049198 -11.51543898 5.17073939 1
125 8.569543 -3.3301658364e-4 -2.2455417273e-4 | 0.01432102 -0.12063903 0.03285162 0 -0.36050921 1.30410795 1.12007802 1 0.13320563 0.61067759 -1.64149974 1 -6.88889486 -2.22971727 4.69013230 0 -6.80785047 -3.73760816 3.65468083 1 -7.14159099 -0.87199416 3.48799143 1
126 8.344824 -5.5057106439e-5 1.9016867111e-4 | -0.03438455 0.02692538 -0.11802891 0 0.78767080 -1.48968594 0.49563060 1 -0.24191845 1.06232573 1.37772703 1 3.38717266 -7.71692534 -0.50159044 0 4.28054410 -6.18771238 -0.03698513 1 2.48527666 -7.26408118 -2.02930959 1
127 9.455362 -4.1758361729e-4 -4.3185682249e-4 | 0.11533417 -0.03206853 0.03882958 0 -0.35502611 1.34674625 -1.07026641 1 -1.47556051 -0.83775385 0.45396247 1 -5.26667268 6.03793167 4.79824443 0 -6.59143922 7.15135006 4.20011737 1 -4.57203726 6.90655971 6.25267800 1
128 5.200500 -4.7527033491e-3 -2.1297483023e-3 | 0.08734713 0.08320391 -0.03585643 0 0.31876286 -1.42391669 0.97779890 1 -1.70513860 0.10330220 -0.40868480 1 3.43644925 -0.98088145 3.69604180 0 2.63993729 0.66142861 3.84043452 1 4.35032631 -1.17721183 5.27042838 1
129 8.726900 8.5753072352e-4 1.1577822968e-3 | 0.06499878 0.06090374 -0.08890438 0 -0.50415720 0.70464580 1.52791983 1 -0.52750505 -1.67131147 -0.11682745 1 -3.88055036 -6.13270628 -4.96114682 0 -2.55922654 -7.22892076 -4.32484497 1 -4.66462985 -5.45172337 -3.45320396 1
130 8.021707 -1.0974722402e-3 -8.1587598500e-4 | -0.03834424 -0.11952474 0.00903611 0 -0.87726336 1.26961631 -0.83888176 1 1.48586403 0.62748325 0.69546036 1 -4.28190752 1.66305616 6.70191608 0 -3.15474396 3.09652876 6.86660218 1 -3.97271324 1.04038632 5.00807689 1
131 9.028528 -6.3330052927e-4 -5.6270464638e-4 | 0.06635122 -0.08993285 0.05785926 0 0.68934267 1.23982328 -1.03580120 1 -1.74247089 0.18759305 0.11745770 1 -5.90181821 0.44361087 -6.87408504 0 -4.16748575 0.86471001 -7.28302185 1 -5.95758020 -1.38346537 -6.97940856 1
132 10.984361 -4.2458892634e-5 -4.9032149221e-5 | -0.11656950 0.03926536 -0.02660602 0 1.15475728 -0.57928134 -1.19004536 1 0.69543654 -0.04393939 1.61233669 1 -10.82602986 2.05024995 -0.53199305 0 -10.06936802 3.55446713 -1.25119847 1 -10.46081755 2.17515301 1.25781957 1
133 10.365928 -3.5635617192e-4 -3.3264101252e-4 | -0.07470339 0.06378649 0.07866883 0 1.48658157 -0.80902825 0.46988055 1 -0.30088762 -0.20339238 -1.71851402 1 -7.04299043 -3.31315707 6.95131210 0 -8.18160555 -4.26017038 5.87465789 1 -5.41766354 -3.45310112 6.11996488 1
134 9.167522 -1.0087875241e-3 -1.0018315696e-3 | -0.03058196 0.04911675 -0.11176039 0 1.63936361 -0.35981483 0.51793767 1 -1.15396608 -0.41976748 1.25592588 1 8.58741853 0.98473545 -3.18374844 0 8.83010300 -0.38225143 -4.37744605 1 6.95705635 1.68784712 -3.63092083 1
135 9.422190 3.8130820058e-4 5.2218670946e-4 | -0.04909384 0.11532842 0.01128041 0 -0.87568743 -1.40531019 -0.58610067 1 1.65490598 -0.42518518 0.40705776 1 5.46577794 -0.20724022 7.80807548 0 4.99153889 0.33640886 6.12521901 1 4.32222159 -1.58988808 8.17273120 1
136 7.454045 1.9984219454e-3 2.8269224943e-3 | -0.11883221 -0.02987689 -0.02871190 0 0.47965956 1.42182844 0.91300042 1 1.40644811 -0.94762170 -0.45728449 1 4.80347592 5.04525356 2.83165934 0 3.86889909 4.06063807 1.60301726 1 6.44543198 4.23792270 2.89953573 1
137 5.978402 -3.8514299399e-3 -2.6257306599e-3 | 0.09297074 -0.02948741 -0.07953006 0 -1.67151729 -0.50674867 -0.18567428 1 0.19588357 0.97477359 1.44797733 1 4.51297687 -0.39300369 4.04844480 0 3.08208428 -1.28773710 3.33819033 1 5.50588409 0.09661986 2.59008474 1
138 8.474406 1.5609082239e-4 4.4614813307e-4 | 0.05679242 -0.10901422 -0.02699292 0 -0.91832941 0.31196974 1.46444022 1 0.01691882 1.41830653 -1.03600801 1 -4.20465132 7.43370626 -0.28238765 0 -4.39299897 5.99820245 0.83846776 1 -4.93308065 6.86769128 -1.86397792 1
139 5.426123 -1.4603372121e-5 1.4968809364e-3 | 0.11143979 -0.03018610 -0.05008061 0 -0.25136593 1.27446319 1.18228505 1 -1.51740914 -0.79534875 -0.38740435 1 1.70525921 -4.85587256 -1.66469120 0 2.04989268 -3.45179227 -2.78818984 1 3.35103812 -5.59372529 -1.34942121 1
140 7.938148 -1.4667157983e-3 -1.2880224720e-3 | -0.07537046 -0.08310827 0.05701232 0 -0.51413511 1.57079767 -0.59455779 1 1.71041689 -0.25170119 -0.31034307 1 -0.93415147 -7.67465262 2.01696608 0 -0.35028184 -8.93452562 0.82353440 1 -0.53630551 -6.07743036 1.21508722 1
141 8.541189 -1.1828528373e-3 -1.1280223914e-3 | 0.01487204 -0.11703616 0.04381159 0 -0.25993004 1.41706884 1.00478429 1 0.02388069 0.44053193 -1.70016281 1 0.26916767 7.52853385 -3.94426918 0 1.93445359 6.96245374 -4.45303138 1 -0.64171312 7.71989322 -5.52100245 1
142 9.298324 -4.0937503625e-5 5.7273936108e-5 | -0.11475248 -0.04169965 0.03051398 0 0.42975284 1.69244928 -0.19017654 1 1.39160128 -1.03059138 -0.29414204 1 7.53008284 -0.63993626 -5.39786027 0 6.08615901 0.47327554 -5.22961535 1 8.54087963 0.13098077 -6.71558058 1
143 6.867386 -1.5292379141e-3 -1.1160898492e-3 | 0.08758990 -0.08481868 0.03117528 0 0.28306190 1.39690619 -1.02653215 1 -1.67329084 -0.05066213 0.53171739 1 2.16674207 -0.55680101 -6.44118138 0 3.42038835 -0.71513289 -5.11612859 1 3.14355914 -0.16669484 -7.93986601 1
144 7.272841 3.8625781273e-4 6.9002245988e-4 | -0.07184615 -0.08694678 0.05582548 0 1.72583794 -0.16245106 -0.28342943 1 -0.58549416 1.54247244 -0.60263390 1 1.83751347 -1.16050389 -6.86985684 0 2.36318511 0.57739733 -7.10614388 1 0.71651116 -1.48676356 -8.28028886 1
145 7.411736 2.2864795570e-3 3.1599353578e-3 | 0.04518607 0.10907101 -0.04358704 0 0.61617287 -0.84330456 1.41223497 1 -1.33336720 -0.88787310 -0.72042040 1 -6.05629542 -4.16800645 -1.37381397 0 -7.51350618 -3.06729474 -1.24177829 1 -4.71032223 -3.23154713 -0.55906853 1
146 9.215995 6.1126802157e-5 2.1702908981e-4 | 0.07182454 0.02759237 0.09958912 0 -0.61482802 -1.60210546 -0.37481170 1 -0.52517281 1.16415867 -1.20586914 1 3.18257863 -6.93544737 -5.33210291 0 1.93473505 -5.60077235 -5.45039029 1 4.75016981 -6.05565237 -4.98421117 1
147 10.627331 6.8790928145e-4 8.0488789843e-4 | 0.03391369 -0.06721908 0.10084420 0 -0.52414143 -0.68804209 -1.52876193 1 -0.01413745 1.75494486 -0.07183968 1 -7.78216309 -5.32486339 -5.01074397 0 -6.07541432 -4.70174166 -4.78449008 1 -8.35210587 -4.52373569 -6.55533766 1
148 9.448640 -7.2468232924e-4 -7.1318982715e-4 | -0.06809266 -0.09870749 0.03818792 0 -0.50462693 1.67643352 0.14199127 1 1.58539527 -0.10974593 -0.74811090 1 -9.00910630 2.37545864 -1.10453222 0 -10.80724579 2.72045002 -1.11628855 1 -8.87367064 0.72215407 -0.32951529 1
149 9.417805 -4.3112751005e-4 -4.3325789281e-4 | -0.09374374 -0.02443701 -0.08033081 0 -0.14582657 1.01499575 1.42609868 1 1.63372948 -0.62713095 -0.15108612 1 -5.39991950 -0.14140688 -7.80765346 0 -3.78913533 -0.94533574 -7.47368398 1 -5.00497755 1.64512998 -7.87633364 1
