# pairs of molecules taken from E:\Projects\phys\bulk-water-298.snap: index centroid_separation_bohr E_int_pbe_x E_int_revpbe_x (hartree) | then x y z type for each atom of the first molecule and of the second (bohr)
0 8.207240 6.9845709747e-4 7.4469141710e-4 | 25.16847731 29.05312422 6.00560093 0 26.88937688 28.69604935 6.51888946 1 25.09740174 30.88028424 5.91155528 1 34.44745467 28.12686205 6.13465398 0 32.91050633 28.56889659 7.02620215 1 34.20706703 28.81597789 4.45544489 1
1 7.270772 -7.6642951977e-4 -2.1850455812e-4 | 6.12151474 20.88924182 0.46925373 0 5.87912320 21.22114311 2.25350449 1 7.93833888 20.93357386 0.24655496 1 7.08348977 25.56186067 -4.02733030 0 6.10036417 27.01253133 -4.55787867 1 6.75246218 24.30023850 -5.31229733 1
2 5.719235 -4.1649736154e-3 -2.3789381876e-3 | 20.74562367 15.51714441 -16.90417935 0 19.50233693 15.51544400 -15.56004466 1 20.65090745 13.82878286 -17.60622932 1 16.57003045 17.11420863 -12.97730396 0 15.63793501 15.64689154 -13.55231833 1 17.37983098 16.55555233 -11.43310959 1
3 4.827263 -5.7795935243e-4 2.3206944710e-3 | 32.98116246 24.28886153 -11.70015118 0 33.65386246 22.81844494 -12.55911141 1 34.46662645 25.19953159 -11.13757956 1 29.88294617 23.95881946 -15.84896106 0 30.89377047 25.43107986 -15.44504715 1 30.22945746 22.78765875 -14.48487802 1
4 5.924606 -4.3326020205e-3 -3.1237114395e-3 | -4.00500391 12.67860908 11.78530870 0 -3.78066080 13.85695660 10.40196847 1 -2.40514257 11.79391086 11.88611926 1 1.67964721 15.08469382 11.11303759 0 3.14938065 15.15586351 12.20266201 1 0.62710119 16.46855476 11.68704613 1
5 7.266013 -2.0632118729e-3 -1.5022772742e-3 | 35.79142269 5.45438212 6.58049396 0 35.75025129 3.63693928 6.36216095 1 36.93731387 6.03785103 5.27707252 1 38.81885811 8.81811641 11.24503336 0 39.11881574 10.04734683 12.56846862 1 37.38561354 9.48946979 10.32443318 1
6 8.637424 -6.6252376622e-4 -5.9038238483e-4 | 21.88727230 6.65725589 -12.21713146 0 23.51859484 7.47993237 -12.33735243 1 21.79979278 6.08410230 -10.48039535 1 30.43550739 4.72314516 -11.83317711 0 30.98514356 6.38416492 -12.37296997 1 31.27132570 4.47427039 -10.22324571 1
7 5.851677 -5.6230248252e-3 -3.8215732593e-3 | 30.06388463 3.70405355 8.05248139 0 29.56227750 5.46479920 8.07754025 1 30.60857125 3.36738648 9.76781862 1 30.48384213 9.50978064 7.44328252 0 32.03232443 10.08214394 6.65140772 1 30.64099293 10.05510023 9.18406976 1
8 10.108262 -1.2926455358e-4 -1.2445230516e-4 | -1.41068781 9.07141943 -10.86885604 0 -1.99585619 9.34628597 -9.15582095 1 -0.79858756 7.34581439 -10.86332586 1 6.44854104 12.22045770 -14.48643760 0 5.76639642 13.67787637 -13.61289744 1 7.99827910 12.83488773 -15.24353584 1
9 6.244720 -4.5689515333e-3 -3.5924312880e-3 | 5.97632281 16.63598419 -10.00677154 0 7.35843603 16.58273116 -8.80702571 1 5.25085320 18.30213541 -9.78306636 1 6.04818726 12.23202333 -5.26756872 0 7.09819260 11.24066111 -6.39324746 1 4.58521374 12.66304344 -6.28065320 1
10 7.169791 -1.5278794028e-3 -1.1486243788e-3 | 23.98618574 14.90624064 1.56994701 0 25.41416099 13.76704949 1.44507473 1 22.62417959 14.01311559 0.73348007 1 26.10548345 12.71840209 -4.84770080 0 26.92974037 11.89563245 -6.26053961 1 24.32337300 12.64308888 -5.26100488 1
11 9.639450 1.4647112801e-4 1.5257047193e-4 | 25.82837410 25.89854937 10.22584312 0 25.97195904 24.76817196 11.65905391 1 24.32335613 25.32845053 9.35273475 1 33.39384255 22.52124957 14.84081767 0 33.97568576 23.93539467 15.84785044 1 32.04483658 21.78537123 15.83634566 1
12 6.519128 9.6747146230e-4 2.3032634840e-3 | -2.73412109 8.64046995 -1.63753274 0 -0.99471943 9.11129310 -1.31307891 1 -2.63958144 7.55942234 -3.11225589 1 -3.75880828 6.43560950 3.26939382 0 -3.26822536 5.97580492 4.97244139 1 -5.30285430 7.39463806 3.48983918 1
13 5.956408 -5.3325602580e-3 -3.9510615688e-3 | 21.88727230 6.65725589 -12.21713146 0 23.51859484 7.47993237 -12.33735243 1 21.79979278 6.08410230 -10.48039535 1 26.67005393 9.44633951 -9.44874450 0 28.43395327 9.10497031 -9.80171625 1 26.32830922 11.01028594 -10.33739076 1
14 9.629762 2.1161345920e-4 2.0850717981e-4 | -0.23830480 -1.67047807 -27.68187754 0 -1.41806336 -0.33392463 -28.09931919 1 -0.60452936 -2.98933787 -28.89797723 1 -10.02897578 -6.14432887 -29.19185216 0 -8.30807621 -6.50140374 -28.67856363 1 -10.10005135 -4.31716885 -29.28589781 1
15 9.250236 -1.0701865308e-3 -1.0327426657e-3 | 35.79142269 5.45438212 6.58049396 0 35.75025129 3.63693928 6.36216095 1 36.93731387 6.03785103 5.27707252 1 39.71334464 7.58354326 -1.70308260 0 38.07396134 6.84032645 -2.03851376 1 39.83755157 8.95932277 -2.90483691 1
16 6.468868 -4.2151625208e-3 -2.7979162902e-3 | 6.04818726 12.23202333 -5.26756872 0 7.09819260 11.24066111 -6.39324746 1 4.58521374 12.66304344 -6.28065320 1 6.79565725 15.83897455 -0.72330580 0 5.74104624 14.57287508 -1.52158561 1 5.60854226 16.93381293 0.13953656 1
17 8.924329 -5.5434553676e-4 -5.2084750070e-4 | 6.79565725 15.83897455 -0.72330580 0 5.74104624 14.57287508 -1.52158561 1 5.60854226 16.93381293 0.13953656 1 1.38044110 13.89958519 -8.46057451 0 1.12644966 15.26479438 -7.26719481 1 2.73222760 14.49431036 -9.54288005 1
18 9.680069 4.4843941967e-4 4.4137066979e-4 | 7.14984653 11.27923392 7.07710069 0 5.97623391 10.48254035 8.23484662 1 6.12457976 12.48510377 6.15671165 1 0.18613081 11.70321869 15.35630775 0 0.03947941 10.21139863 14.30491384 1 0.51207817 13.05908303 14.16980017 1
19 8.001752 -1.4182783031e-3 -1.2919045834e-3 | 16.94005014 22.14835689 -12.25581509 0 16.97367637 22.52658448 -10.46464898 1 15.78222616 20.73685451 -12.39551012 1 20.87579931 14.88860754 -9.65369166 0 21.20696055 15.49318047 -7.95743499 1 21.09685669 16.36815605 -10.70938096 1
20 6.116931 -5.6083111566e-3 -3.8770690534e-3 | -2.97749646 25.45216554 10.82233589 0 -1.25863838 26.08293470 10.81137939 1 -3.39564603 25.31771934 12.59982997 1 -5.85446785 20.75438457 8.81778275 0 -4.88703028 21.94479228 9.81751118 1 -6.18480827 19.36708005 9.96611694 1
21 10.419762 -8.3308725399e-4 -8.1792487985e-4 | 29.27217443 25.11378176 5.19217153 0 30.92937355 24.90089578 4.44328334 1 29.01020827 23.57482707 6.14893808 1 23.28303532 31.22302789 10.80987169 0 21.66156531 31.23430342 9.95947723 1 24.23626123 29.92221442 9.94289146 1
22 5.554233 -7.0179303484e-3 -4.6510325511e-3 | 33.52720734 29.70224569 -12.65069931 0 34.07109748 29.55785058 -14.39305302 1 32.77210529 31.36732753 -12.55204130 1 29.82683812 33.27404377 -10.58073203 0 28.16913854 33.73002161 -11.21047736 1 29.72430472 31.46561912 -10.31334235 1
23 10.320666 -1.0636484016e-3 -1.0438231324e-3 | 27.24693332 23.32383735 0.00250332 0 28.21312602 22.96362691 1.51550795 1 28.40030826 24.27955695 -1.05046217 1 17.45812330 23.25902995 1.93993597 0 19.10198624 23.21304232 1.13491258 1 16.55896412 24.58301902 1.05056779 1
24 5.604166 -5.4740733854e-3 -3.1805444111e-3 | 1.71204213 12.64414990 -1.26406000 0 1.71534887 14.42285983 -1.69839047 1 2.04091949 11.79319481 -2.85155020 1 3.24782395 14.72919437 3.63085338 0 2.16329550 16.19630531 3.78527631 1 2.40163306 13.67244099 2.39811525 1
25 8.991233 -1.3328701525e-4 -6.0370069860e-5 | -1.49633279 42.53227575 -23.82681262 0 0.01647151 41.53732085 -23.55487368 1 -1.57024789 42.75063090 -25.64320124 1 1.67964721 50.28214691 -24.08441550 0 3.14938065 50.35331660 -22.99479108 1 0.62710119 51.66600785 -23.51040696 1
26 10.187578 -5.3943637013e-4 -5.2999464404e-4 | -8.72013487 15.40301332 -10.62777313 0 -10.39261487 16.02577230 -10.21857296 1 -8.91079397 14.66256873 -12.29144406 1 -18.10133831 18.11971593 -7.25096756 0 -18.16059091 16.30019211 -7.05530181 1 -19.59745921 18.51554509 -8.22941099 1
27 5.336572 -3.2827284269e-3 -1.1437437474e-3 | 31.92554343 21.05881708 -2.71459968 0 30.30132640 20.60781786 -1.99976991 1 31.67223088 20.92917882 -4.52331102 1 27.86341885 17.45877651 -1.05772138 0 27.56198125 17.20396421 -2.84564446 1 26.46537689 18.50715780 -0.51110874 1
28 6.261193 7.4292777732e-4 1.6428656318e-3 | 5.97632281 16.63598419 -10.00677154 0 7.35843603 16.58273116 -8.80702571 1 5.25085320 18.30213541 -9.78306636 1 2.91620967 17.57553200 -4.66542607 0 3.56582644 19.16986103 -5.28878460 1 1.93486620 18.03608795 -3.18987083 1
29 6.070792 1.1581106825e-3 2.2694565458e-3 | -2.07877076 13.77042910 2.12469586 0 -3.80271755 13.68345167 2.73535556 1 -1.81216531 12.15766282 1.29988286 1 -5.92159547 14.63545371 7.21260054 0 -6.20035078 13.30073601 5.99059931 1 -6.87094302 16.05497156 6.55220796 1
30 10.331078 -3.2968141186e-4 -3.2281958393e-4 | 23.96793837 11.51948627 -14.06735002 0 23.85564600 10.70170347 -15.70169533 1 22.78361062 12.91137094 -14.17886194 1 30.43550739 4.72314516 -11.83317711 0 30.98514356 6.38416492 -12.37296997 1 31.27132570 4.47427039 -10.22324571 1
31 10.120045 -5.2223673080e-4 -5.0772023823e-4 | 29.80594330 39.36032025 -1.45323164 0 28.45432130 38.19022440 -1.05768575 1 29.84431165 40.50285874 -0.02300659 1 26.10548345 47.91585518 -4.84770080 0 26.92974037 47.09308554 -6.26053961 1 24.32337300 47.84054197 -5.26100488 1
32 9.478651 -3.1891467127e-4 -3.0567141862e-4 | 2.76558022 22.40649244 -17.47684377 0 3.54383879 22.57698717 -15.82829652 1 1.54798305 21.05610640 -17.26161200 1 5.81447877 13.31729336 -20.62591910 0 7.04785882 14.44745144 -21.37021693 1 5.54394739 13.99122789 -18.94513504 1
33 10.206219 -2.2468432182e-4 -2.2109566488e-4 | -0.65579237 35.09899717 -13.38012313 0 -0.95656355 36.59429147 -12.36715989 1 0.47993371 35.66979304 -14.69797305 1 4.16901786 28.41569656 -18.77737146 0 4.72041653 26.70302450 -18.43799439 1 4.67153883 29.35332655 -17.28715916 1
34 8.889502 -5.1890091740e-5 -3.0216563331e-5 | 29.98700558 10.59259374 -13.84778677 0 31.78106342 10.87108550 -13.61059130 1 29.69587835 11.01065173 -15.60644606 1 28.49610670 4.97709361 -21.66029588 0 28.26172677 5.52875861 -19.93021072 1 29.51975906 6.29314334 -22.41697216 1
35 10.112314 1.9128973273e-4 1.9228716849e-4 | 21.80392823 14.87189744 12.51420124 0 21.54563562 14.92203375 10.70223155 1 20.18079149 15.35091479 13.21304282 1 20.65037814 24.63513486 12.90136970 0 20.02473592 25.97932464 13.97570136 1 19.49358499 24.61867357 11.48222607 1
36 5.871631 -4.5468542720e-3 -2.9546719609e-3 | 27.24693332 23.32383735 0.00250332 0 28.21312602 22.96362691 1.51550795 1 28.40030826 24.27955695 -1.05046217 1 24.63379923 25.19362295 -5.12498145 0 24.39117989 26.82113995 -4.32199504 1 25.25711891 24.11774324 -3.78097049 1
37 10.258216 5.3674676049e-4 5.2497610746e-4 | 23.96793837 11.51948627 -14.06735002 0 23.85564600 10.70170347 -15.70169533 1 22.78361062 12.91137094 -14.17886194 1 20.78385821 7.70414735 -24.35445415 0 22.45020388 8.19809016 -24.93045370 1 20.63775340 8.46524721 -22.69560201 1
38 10.390687 4.3626653579e-5 4.1646057952e-5 | 31.77247422 35.81796513 12.83208291 0 32.12533037 34.16803318 12.12097113 1 29.95143590 35.84620865 13.02031626 1 26.23182006 42.22400438 18.50470745 0 26.87560378 42.85304545 20.09917060 1 26.20667348 40.40546692 18.71612928 1
39 5.292118 -5.5383110241e-3 -3.4797510293e-3 | -2.97749646 25.45216554 10.82233589 0 -1.25863838 26.08293470 10.81137939 1 -3.39564603 25.31771934 12.59982997 1 0.45553514 20.70560093 10.88558880 0 1.02779823 20.70681560 12.62483471 1 -1.02713918 21.77979551 10.89947735 1
