# water, Hartree-Fock + RI-MP2 (frozen core), default basis: r1 r2 theta (bohr, bohr, radians) E_HF E_MP2correlation (hartree)
1.6251644671781622 1.6251644671781622 1.53588974175501 -76.035491127267 -0.269228131390
1.6251644671781622 1.6251644671781622 1.6406094968746698 -76.042373539618 -0.268491112235
1.6251644671781622 1.6251644671781622 1.7453292519943295 -76.046811939283 -0.267929330990
1.6251644671781622 1.6251644671781622 1.8238690683340744 -76.048645798158 -0.267638124914
1.6251644671781622 1.6251644671781622 1.9198621771937625 -76.049293990187 -0.267432861674
1.6251644671781622 1.6251644671781622 2.0245819323134224 -76.048212278350 -0.267384311520
1.6251644671781622 1.6251644671781622 2.1642082724729685 -76.044323051993 -0.267570797738
1.7007535121631931 1.6251644671781622 1.53588974175501 -76.043271947564 -0.270825020557
1.7007535121631931 1.6251644671781622 1.6406094968746698 -76.049767128193 -0.270062855004
1.7007535121631931 1.6251644671781622 1.7453292519943295 -76.053861967081 -0.269480242915
1.7007535121631931 1.6251644671781622 1.8238690683340744 -76.055465706032 -0.269174357967
1.7007535121631931 1.6251644671781622 1.9198621771937625 -76.055861794957 -0.268951205064
1.7007535121631931 1.6251644671781622 2.0245819323134224 -76.054535231458 -0.268883549245
1.7007535121631931 1.6251644671781622 2.1642082724729685 -76.050354840441 -0.269049136370
1.7007535121631931 1.7007535121631931 1.53588974175501 -76.050987837842 -0.272461677419
1.7007535121631931 1.7007535121631931 1.6406094968746698 -76.057123452712 -0.271672927757
1.7007535121631931 1.7007535121631931 1.7453292519943295 -76.060902374878 -0.271066688009
1.7007535121631931 1.7007535121631931 1.8238690683340744 -76.062295916334 -0.270743561958
1.7007535121631931 1.7007535121631931 1.9198621771937625 -76.062462145872 -0.270499239264
1.7007535121631931 1.7007535121631931 2.0245819323134224 -76.060911952524 -0.270409007492
1.7007535121631931 1.7007535121631931 2.1642082724729685 -76.056464310692 -0.270549775205
1.7763425571482239 1.6251644671781622 1.53588974175501 -76.046325664491 -0.272423053874
1.7763425571482239 1.6251644671781622 1.6406094968746698 -76.052429557800 -0.271638508290
1.7763425571482239 1.6251644671781622 1.7453292519943295 -76.056181620332 -0.271037323295
1.7763425571482239 1.6251644671781622 1.8238690683340744 -76.057557992560 -0.270718062149
1.7763425571482239 1.6251644671781622 1.9198621771937625 -76.057706121813 -0.270478245851
1.7763425571482239 1.6251644671781622 2.0245819323134224 -76.056138914028 -0.270392522263
1.7763425571482239 1.6251644671781622 2.1642082724729685 -76.051671411678 -0.270538698579
1.7763425571482239 1.7007535121631931 1.53588974175501 -76.053980945965 -0.274100742250
1.7763425571482239 1.7007535121631931 1.6406094968746698 -76.059752755936 -0.273288002005
1.7763425571482239 1.7007535121631931 1.7453292519943295 -76.063215971089 -0.272660320512
1.7763425571482239 1.7007535121631931 1.8238690683340744 -76.064401231253 -0.272321278483
1.7763425571482239 1.7007535121631931 1.9198621771937625 -76.064340666426 -0.272057038035
1.7763425571482239 1.7007535121631931 2.0245819323134224 -76.062570127421 -0.271945359649
1.7763425571482239 1.7007535121631931 2.1642082724729685 -76.057858626265 -0.272062686909
1.7763425571482239 1.7763425571482239 1.53588974175501 -76.056915717392 -0.275782481507
1.7763425571482239 1.7763425571482239 1.6406094968746698 -76.062351137399 -0.274943901762
1.7763425571482239 1.7763425571482239 1.7453292519943295 -76.065525121396 -0.274291748440
1.7763425571482239 1.7763425571482239 1.8238690683340744 -76.066520458568 -0.273934191270
1.7763425571482239 1.7763425571482239 1.9198621771937625 -76.066253378121 -0.273646788194
1.7763425571482239 1.7763425571482239 2.0245819323134224 -76.064282091179 -0.273510379525
1.7763425571482239 1.7763425571482239 2.1642082724729685 -76.059329538414 -0.273600208110
1.8519316021332548 1.6251644671781622 1.53588974175501 -76.045746084640 -0.274017221163
1.8519316021332548 1.6251644671781622 1.6406094968746698 -76.051459301609 -0.273213126702
1.8519316021332548 1.6251644671781622 1.7453292519943295 -76.054872966417 -0.272595703371
1.8519316021332548 1.6251644671781622 1.8238690683340744 -76.056026506594 -0.272264534401
1.8519316021332548 1.6251644671781622 1.9198621771937625 -76.055932532811 -0.272009607908
1.8519316021332548 1.6251644671781622 2.0245819323134224 -76.054130830969 -0.271907463830
1.8519316021332548 1.6251644671781622 2.1642082724729685 -76.049383498500 -0.272036504824
1.8519316021332548 1.7007535121631931 1.53588974175501 -76.053345595276 -0.275736857657
1.8519316021332548 1.7007535121631931 1.6406094968746698 -76.058753637713 -0.274902849660
1.8519316021332548 1.7007535121631931 1.7453292519943295 -76.061904413469 -0.274256018813
1.8519316021332548 1.7007535121631931 1.8238690683340744 -76.062884851155 -0.273902528505
1.8519316021332548 1.7007535121631931 1.9198621771937625 -76.062602082997 -0.273619955713
1.8519316021332548 1.7007535121631931 2.0245819323134224 -76.060616247415 -0.273488558226
1.8519316021332548 1.7007535121631931 2.1642082724729685 -76.055647186990 -0.273584647033
1.8519316021332548 1.7763425571482239 1.53588974175501 -76.056225604832 -0.277462413517
1.8519316021332548 1.7763425571482239 1.6406094968746698 -76.061324110110 -0.276600592802
1.8519316021332548 1.7763425571482239 1.7453292519943295 -76.064211068911 -0.275926152431
1.8519316021332548 1.7763425571482239 1.8238690683340744 -76.065019000523 -0.275551497331
1.8519316021332548 1.7763425571482239 1.9198621771937625 -76.064548946745 -0.275242493747
1.8519316021332548 1.7763425571482239 2.0245819323134224 -76.062381058106 -0.275083190356
1.8519316021332548 1.7763425571482239 2.1642082724729685 -76.057192964165 -0.275147635732
1.8519316021332548 1.8519316021332548 1.53588974175501 -76.055483221386 -0.279187490281
1.8519316021332548 1.8519316021332548 1.6406094968746698 -76.060271124346 -0.278300303242
1.8519316021332548 1.8519316021332548 1.7453292519943295 -76.062895539989 -0.277600294395
1.8519316021332548 1.8519316021332548 1.8238690683340744 -76.063532730093 -0.277205805107
1.8519316021332548 1.8519316021332548 1.9198621771937625 -76.062878117434 -0.276871921910
1.8519316021332548 1.8519316021332548 2.0245819323134224 -76.060531655512 -0.276686612516
1.8519316021332548 1.8519316021332548 2.1642082724729685 -76.055129468277 -0.276721428331
1.9275206471182855 1.6251644671781622 1.53588974175501 -76.042389600096 -0.275604268714
1.9275206471182855 1.6251644671781622 1.6406094968746698 -76.047716583153 -0.274783561835
1.9275206471182855 1.6251644671781622 1.7453292519943295 -76.050798816655 -0.274152340700
1.9275206471182855 1.6251644671781622 1.8238690683340744 -76.051735376550 -0.273810876973
1.9275206471182855 1.6251644671781622 1.9198621771937625 -76.051406546688 -0.273542648062
1.9275206471182855 1.6251644671781622 2.0245819323134224 -76.049378128745 -0.273426167278
1.9275206471182855 1.6251644671781622 2.1642082724729685 -76.044360816016 -0.273540878978
1.9275206471182855 1.7007535121631931 1.53588974175501 -76.049938377702 -0.277366340125
1.9275206471182855 1.7007535121631931 1.6406094968746698 -76.054986157096 -0.276513953075
1.9275206471182855 1.7007535121631931 1.7453292519943295 -76.057830092833 -0.275850433907
1.9275206471182855 1.7007535121631931 1.8238690683340744 -76.058610443460 -0.275484142647
1.9275206471182855 1.7007535121631931 1.9198621771937625 -76.058111484411 -0.275185101729
1.9275206471182855 1.7007535121631931 2.0245819323134224 -76.055917040944 -0.275036230183
1.9275206471182855 1.7007535121631931 2.1642082724729685 -76.050699214476 -0.275113891158
1.9275206471182855 1.7763425571482239 1.53588974175501 -76.052767857001 -0.279136349221
1.9275206471182855 1.7763425571482239 1.6406094968746698 -76.057532011084 -0.278254131708
1.9275206471182855 1.7763425571482239 1.7453292519943295 -76.060136255143 -0.277559842202
1.9275206471182855 1.7763425571482239 1.8238690683340744 -76.060760534731 -0.277169726756
1.9275206471182855 1.7763425571482239 1.9198621771937625 -76.060092460187 -0.276841030854
1.9275206471182855 1.7763425571482239 2.0245819323134224 -76.057733739566 -0.276661191625
1.9275206471182855 1.7763425571482239 2.1642082724729685 -76.052317996328 -0.276703030334
1.9275206471182855 1.8519316021332548 1.53588974175501 -76.051976555236 -0.280907398480
1.9275206471182855 1.8519316021332548 1.6406094968746698 -76.056455505936 -0.279997632578
1.9275206471182855 1.8519316021332548 1.7453292519943295 -76.058820561246 -0.279274449868
1.9275206471182855 1.8519316021332548 1.8238690683340744 -76.059289951128 -0.278861704498
1.9275206471182855 1.8519316021332548 1.9198621771937625 -76.058454887870 -0.278504888493
1.9275206471182855 1.8519316021332548 2.0245819323134224 -76.055934895534 -0.278296061458
1.9275206471182855 1.8519316021332548 2.1642082724729685 -76.050325794905 -0.278303894361
1.9275206471182855 1.9275206471182855 1.53588974175501 -76.048423496337 -0.282674293477
1.9275206471182855 1.9275206471182855 1.6406094968746698 -76.052618048812 -0.281739693082
1.9275206471182855 1.9275206471182855 1.7453292519943295 -76.054746139514 -0.280989904680
1.9275206471182855 1.9275206471182855 1.8238690683340744 -76.055062933410 -0.280556068192
1.9275206471182855 1.9275206471182855 1.9198621771937625 -76.054064329668 -0.280173111551
1.9275206471182855 1.9275206471182855 2.0245819323134224 -76.051387552034 -0.279937810130
1.9275206471182855 1.9275206471182855 2.1642082724729685 -76.045591739581 -0.279914120053
2.0031096921033167 1.6251644671781622 1.53588974175501 -76.036927095402 -0.277182203856
2.0031096921033167 1.6251644671781622 1.6406094968746698 -76.041875321797 -0.276347990730
2.0031096921033167 1.6251644671781622 1.7453292519943295 -76.044635104975 -0.275705544728
2.0031096921033167 1.6251644671781622 1.8238690683340744 -76.045361687002 -0.275355499691
2.0031096921033167 1.6251644671781622 1.9198621771937625 -76.044806570887 -0.275076026765
2.0031096921033167 1.6251644671781622 2.0245819323134224 -76.042560723069 -0.274947781095
2.0031096921033167 1.6251644671781622 2.1642082724729685 -76.037285463022 -0.275051289040
2.0031096921033167 1.7007535121631931 1.53588974175501 -76.044430353744 -0.278986754019
2.0031096921033167 1.7007535121631931 1.6406094968746698 -76.049124125452 -0.278119084215
2.0031096921033167 1.7007535121631931 1.7453292519943295 -76.051668709244 -0.277441503252
2.0031096921033167 1.7007535121631931 1.8238690683340744 -76.052254869885 -0.277064194942
2.0031096921033167 1.7007535121631931 1.9198621771937625 -76.051547100562 -0.276750914188
2.0031096921033167 1.7007535121631931 2.0245819323134224 -76.049152287967 -0.276587376717
2.0031096921033167 1.7007535121631931 2.1642082724729685 -76.043696662585 -0.276649767248
2.0031096921033167 1.7763425571482239 1.53588974175501 -76.047213932100 -0.280801403703
2.0031096921033167 1.7763425571482239 1.6406094968746698 -76.051648774120 -0.279901891546
2.0031096921033167 1.7763425571482239 1.7453292519943295 -76.053976396096 -0.279190406913
2.0031096921033167 1.7763425571482239 1.8238690683340744 -76.054421937041 -0.278786647011
2.0031096921033167 1.7763425571482239 1.9198621771937625 -76.053562184956 -0.278440639209
2.0031096921033167 1.7763425571482239 2.0245819323134224 -76.051019952190 -0.278243248859
2.0031096921033167 1.7763425571482239 2.1642082724729685 -76.045386576929 -0.278265572036
2.0031096921033167 1.8519316021332548 1.53588974175501 -76.046377606790 -0.282618793496
2.0031096921033167 1.8519316021332548 1.6406094968746698 -76.050551483181 -0.281689560077
2.0031096921033167 1.8519316021332548 1.7453292519943295 -76.052662029163 -0.280945850587
2.0031096921033167 1.8519316021332548 1.8238690683340744 -76.052967693962 -0.280516722204
2.0031096921033167 1.8519316021332548 1.9198621771937625 -76.051957654896 -0.280139460762
2.0031096921033167 1.8519316021332548 2.0245819323134224 -76.049270687470 -0.279910206547
2.0031096921033167 1.8519316021332548 2.1642082724729685 -76.043463895767 -0.279894025782
2.0031096921033167 1.9275206471182855 1.53588974175501 -76.042781287875 -0.284433292910
2.0031096921033167 1.9275206471182855 1.6406094968746698 -76.046694242499 -0.283476954663
2.0031096921033167 1.9275206471182855 1.7453292519943295 -76.048589154023 -0.282703186883
2.0031096921033167 1.9275206471182855 1.8238690683340744 -76.048756724867 -0.282250133815
2.0031096921033167 1.9275206471182855 1.9198621771937625 -76.047599343346 -0.281843681721
2.0031096921033167 1.9275206471182855 2.0245819323134224 -76.044771706704 -0.281584888693
2.0031096921033167 1.9275206471182855 2.1642082724729685 -76.038797762428 -0.281532585979
2.0031096921033167 2.0031096921033167 1.53588974175501 -76.037098211459 -0.286240744742
2.0031096921033167 2.0031096921033167 1.6406094968746698 -76.040752076262 -0.285260358690
2.0031096921033167 2.0031096921033167 1.7453292519943295 -76.042434234636 -0.284459039334
2.0031096921033167 2.0031096921033167 1.8238690683340744 -76.042466513968 -0.283983981835
2.0031096921033167 2.0031096921033167 1.9198621771937625 -76.041165973962 -0.283551032341
2.0031096921033167 2.0031096921033167 2.0245819323134224 -76.038203083609 -0.283265759457
2.0031096921033167 2.0031096921033167 2.1642082724729685 -76.032070060902 -0.283179959414
2.0786987370883474 1.6251644671781622 1.53588974175501 -76.029884481126 -0.278749971553
2.0786987370883474 1.6251644671781622 1.6406094968746698 -76.034463814183 -0.277905509856
2.0786987370883474 1.6251644671781622 1.7453292519943295 -76.036911773643 -0.277254491127
2.0786987370883474 1.6251644671781622 1.8238690683340744 -76.037436423830 -0.276897660582
2.0786987370883474 1.6251644671781622 1.9198621771937625 -76.036664838128 -0.276609238381
2.0786987370883474 1.6251644671781622 2.0245819323134224 -76.034212242911 -0.276472166564
2.0786987370883474 1.6251644671781622 2.1642082724729685 -76.028692973606 -0.276567812087
2.0786987370883474 1.7007535121631931 1.53588974175501 -76.037347544162 -0.280596632267
2.0786987370883474 1.7007535121631931 1.6406094968746698 -76.041695753420 -0.279716977272
2.0786987370883474 1.7007535121631931 1.7453292519943295 -76.043950055116 -0.279028078003
2.0786987370883474 1.7007535121631931 1.8238690683340744 -76.044348979818 -0.278641652588
2.0786987370883474 1.7007535121631931 1.9198621771937625 -76.043441061230 -0.278316671429
2.0786987370883474 1.7007535121631931 2.0245819323134224 -76.040855530743 -0.278141677633
2.0786987370883474 1.7007535121631931 2.1642082724729685 -76.035174978540 -0.278192251893
2.0786987370883474 1.7763425571482239 1.53588974175501 -76.040090080800 -0.282455695379
2.0786987370883474 1.7763425571482239 1.6406094968746698 -76.044202660561 -0.281542238814
2.0786987370883474 1.7763425571482239 1.7453292519943295 -76.046261283237 -0.280816412580
2.0786987370883474 1.7763425571482239 1.8238690683340744 -76.046534055038 -0.280400992213
2.0786987370883474 1.7763425571482239 1.9198621771937625 -76.045490249824 -0.280040408528
2.0786987370883474 1.7763425571482239 2.0245819323134224 -76.042773229754 -0.279828848381
2.0786987370883474 1.7763425571482239 2.1642082724729685 -76.036934111741 -0.279835160649
2.0786987370883474 1.8519316021332548 1.53588974175501 -76.039212958824 -0.284319396748
2.0786987370883474 1.8519316021332548 1.6406094968746698 -76.043087482596 -0.283374100612
2.0786987370883474 1.8519316021332548 1.7453292519943295 -76.044949840132 -0.282612769150
2.0786987370883474 1.8519316021332548 1.8238690683340744 -76.045096887627 -0.282169312013
2.0786987370883474 1.8519316021332548 1.9198621771937625 -76.043918600434 -0.281774571475
2.0786987370883474 1.8519316021332548 2.0245819323134224 -76.041072571203 -0.281528237386
2.0786987370883474 1.8519316021332548 2.1642082724729685 -76.035079123869 -0.281491648239
2.0786987370883474 1.9275206471182855 1.53588974175501 -76.035576913680 -0.286181696980
2.0786987370883474 1.9275206471182855 1.6406094968746698 -76.039212764693 -0.285207061902
2.0786987370883474 1.9275206471182855 1.7453292519943295 -76.040879671463 -0.284412190420
2.0786987370883474 1.9275206471182855 1.8238690683340744 -76.040902387337 -0.283942124534
2.0786987370883474 1.9275206471182855 1.9198621771937625 -76.039592187187 -0.283515287005
2.0786987370883474 1.9275206471182855 2.0245819323134224 -76.036620909848 -0.283236540904
2.0786987370883474 1.9275206471182855 2.1642082724729685 -76.030479139806 -0.283158978324
2.0786987370883474 2.0031096921033167 1.53588974175501 -76.029855803456 -0.288038065316
2.0786987370883474 2.0031096921033167 1.6406094968746698 -76.033253963511 -0.287037051405
2.0786987370883474 2.0031096921033167 1.7453292519943295 -76.034727553209 -0.286211111350
2.0786987370883474 2.0031096921033167 1.8238690683340744 -76.034628276311 -0.285716361309
2.0786987370883474 2.0031096921033167 1.9198621771937625 -76.033189882926 -0.285260119039
2.0786987370883474 2.0031096921033167 2.0245819323134224 -76.030098363616 -0.284951801888
2.0786987370883474 2.0031096921033167 2.1642082724729685 -76.023815957339 -0.284835797742
2.0786987370883474 2.0786987370883474 1.53588974175501 -76.022577516595 -0.289884960299
2.0786987370883474 2.0786987370883474 1.6406094968746698 -76.025740388165 -0.288860976519
2.0786987370883474 2.0786987370883474 1.7453292519943295 -76.027024003289 -0.288006933973
2.0786987370883474 2.0786987370883474 1.8238690683340744 -76.026805937195 -0.287489916584
2.0786987370883474 2.0786987370883474 1.9198621771937625 -76.025244103919 -0.287007504215
2.0786987370883474 2.0786987370883474 2.0245819323134224 -76.022038465226 -0.286672927689
2.0786987370883474 2.0786987370883474 2.1642082724729685 -76.015624619888 -0.286521547272
2.192082304565893 1.6251644671781622 1.53588974175501 -76.017235522447 -0.281083025018
2.192082304565893 1.6251644671781622 1.6406094968746698 -76.021283995535 -0.280229518037
2.192082304565893 1.6251644671781622 1.7453292519943295 -76.023287068444 -0.279570835466
2.192082304565893 1.6251644671781622 1.8238690683340744 -76.023525892238 -0.279207438267
2.192082304565893 1.6251644671781622 1.9198621771937625 -76.022450417567 -0.278910475627
2.192082304565893 1.6251644671781622 2.0245819323134224 -76.019710398061 -0.278766323372
2.192082304565893 1.6251644671781622 2.1642082724729685 -76.013854848538 -0.278856673322
2.192082304565893 1.7007535121631931 1.53588974175501 -76.024648277405 -0.282991402039
2.192082304565893 1.7007535121631931 1.6406094968746698 -76.028497713433 -0.282100188112
2.192082304565893 1.7007535121631931 1.7453292519943295 -76.030336483171 -0.281399766240
2.192082304565893 1.7007535121631931 1.8238690683340744 -76.030469602787 -0.281003589529
2.192082304565893 1.7007535121631931 1.9198621771937625 -76.029280128681 -0.280666547467
2.192082304565893 1.7007535121631931 2.0245819323134224 -76.026429290875 -0.280481042701
2.192082304565893 1.7007535121631931 2.1642082724729685 -76.020439059570 -0.280520746402
2.192082304565893 1.7763425571482239 1.53588974175501 -76.027338522988 -0.284915890309
2.192082304565893 1.7763425571482239 1.6406094968746698 -76.030984446621 -0.283988094322
2.192082304565893 1.7763425571482239 1.7453292519943295 -76.032656698311 -0.283246416491
2.192082304565893 1.7763425571482239 1.8238690683340744 -76.032683515205 -0.282817779269
2.192082304565893 1.7763425571482239 1.9198621771937625 -76.031380350685 -0.282441364849
2.192082304565893 1.7763425571482239 2.0245819323134224 -76.028420135926 -0.282215565355
2.192082304565893 1.7763425571482239 2.1642082724729685 -76.022298211773 -0.282204948248
2.192082304565893 1.8519316021332548 1.53588974175501 -76.026408467990 -0.286848203069
2.192082304565893 1.8519316021332548 1.6406094968746698 -76.029848009781 -0.285885540297
2.192082304565893 1.8519316021332548 1.7453292519943295 -76.031352694987 -0.285103661017
2.192082304565893 1.8519316021332548 1.8238690683340744 -76.031273358399 -0.284643344044
2.192082304565893 1.8519316021332548 1.9198621771937625 -76.029857670667 -0.284228855038
2.192082304565893 1.8519316021332548 2.0245819323134224 -76.026790429697 -0.283964231571
2.192082304565893 1.8519316021332548 2.1642082724729685 -76.020541083333 -0.283904144724
2.192082304565893 1.9275206471182855 1.53588974175501 -76.022719948602 -0.288781762668
2.192082304565893 1.9275206471182855 1.6406094968746698 -76.025951696379 -0.287786525421
2.192082304565893 1.9275206471182855 1.7453292519943295 -76.027288948927 -0.286966168623
2.192082304565893 1.9275206471182855 1.8238690683340744 -76.027104452910 -0.286475533703
2.192082304565893 1.9275206471182855 1.9198621771937625 -76.025578445352 -0.286024912172
2.192082304565893 1.9275206471182855 2.0245819323134224 -76.022407650399 -0.285723521496
2.192082304565893 1.9275206471182855 2.1642082724729685 -76.016036701865 -0.285615350837
2.192082304565893 2.0031096921033167 1.53588974175501 -76.016947709357 -0.290711433299
2.192082304565893 2.0031096921033167 1.6406094968746698 -76.019971594833 -0.289686471790
2.192082304565893 2.0031096921033167 1.7453292519943295 -76.021142688100 -0.288830030585
2.192082304565893 2.0031096921033167 1.8238690683340744 -76.020854856196 -0.288311009978
2.192082304565893 2.0031096921033167 1.9198621771937625 -76.019221731123 -0.287826825292
2.192082304565893 2.0031096921033167 2.0245819323134224 -76.015951940013 -0.287491167316
2.192082304565893 2.0031096921033167 2.1642082724729685 -76.009466687790 -0.287336975864
2.192082304565893 2.0786987370883474 1.53588974175501 -76.009620339547 -0.292633145314
2.192082304565893 2.0786987370883474 1.6406094968746698 -76.012437529562 -0.291581832783
2.192082304565893 2.0786987370883474 1.7453292519943295 -76.013444794272 -0.290692345245
2.192082304565893 2.0786987370883474 1.8238690683340744 -76.013056198831 -0.290147384496
2.192082304565893 2.0786987370883474 1.9198621771937625 -76.011320052421 -0.289632751413
2.192082304565893 2.0786987370883474 2.0245819323134224 -76.007956790216 -0.289265812080
2.192082304565893 2.0786987370883474 2.1642082724729685 -76.001365860248 -0.289068266030
2.192082304565893 2.192082304565893 1.53588974175501 -75.996594524323 -0.295495093945
2.192082304565893 2.192082304565893 1.6406094968746698 -75.999106316408 -0.294411605373
2.192082304565893 2.192082304565893 1.7453292519943295 -75.999874275788 -0.293479634072
2.192082304565893 2.192082304565893 1.8238690683340744 -75.999340787833 -0.292901378454
2.192082304565893 2.192082304565893 1.9198621771937625 -75.997459450243 -0.292347920422
2.192082304565893 2.192082304565893 2.0245819323134224 -75.993968133887 -0.291940511804
2.192082304565893 2.192082304565893 2.1642082724729685 -75.987237321198 -0.291684361754
